> epoch: 0
              precision    recall  f1-score   support

           0       0.00      0.00      0.00        15
           1       0.00      0.00      0.00         8
           2       0.00      0.00      0.00         4
           3       0.00      0.00      0.00         7
           4       0.00      0.00      0.00        11
           5       0.00      0.00      0.00       117
           6       0.00      0.00      0.00        13
           7       0.00      0.00      0.00         9
           8       0.00      0.00      0.00        10
           9       0.00      0.00      0.00        14
          10       0.00      0.00      0.00        14
          11       0.00      0.00      0.00        54
          12       0.00      0.00      0.00         6
          13       0.00      0.00      0.00         7
          14       0.00      0.00      0.00        49
          15       0.00      0.00      0.00         1
          16       0.00      0.00      0.00        13
          17       0.00      0.00      0.00        25
          18       0.00      0.00      0.00         1
          19       0.00      0.00      0.00         6
          20       0.00      0.00      0.00        22
          21       0.00      0.00      0.00        18
          22       0.00      0.00      0.00        11
          23       0.00      0.00      0.00        17
          24       0.00      0.00      0.00         9
          25       0.00      0.00      0.00        37
          26       0.00      0.00      0.00        34
          27       0.00      0.00      0.00         9
          28       0.00      0.00      0.00        14
          29       0.00      0.00      0.00         4
          30       0.00      0.00      0.00        68
          31       0.00      0.00      0.00         8
          32       0.00      0.00      0.00        14
          33       0.00      0.00      0.00         2
          34       0.00      0.00      0.00         5
          35       0.00      0.00      0.00         3
          36       0.00      0.00      0.00         2
          37       0.00      0.00      0.00         2
          38       0.00      0.00      0.00         4
          39       0.00      0.00      0.00        15
          40       0.00      0.00      0.00         4
          41       0.00      0.00      0.00         5
          42       0.00      0.00      0.00         3
          43       0.00      0.00      0.00         7
          44       0.00      0.00      0.00         1
          45       0.00      0.00      0.00        11
          46       0.00      0.00      0.00         2
          47       0.00      0.00      0.00        12
          48       0.00      0.00      0.00        13
          49       0.00      0.00      0.00        14

   micro avg       0.00      0.00      0.00       754
   macro avg       0.00      0.00      0.00       754
weighted avg       0.00      0.00      0.00       754
 samples avg       0.00      0.00      0.00       754

> epoch: 1
              precision    recall  f1-score   support

           0       0.00      0.00      0.00        15
           1       0.00      0.00      0.00         8
           2       0.00      0.00      0.00         4
           3       0.00      0.00      0.00         7
           4       0.00      0.00      0.00        11
           5       0.00      0.00      0.00       117
           6       0.00      0.00      0.00        13
           7       0.00      0.00      0.00         9
           8       0.00      0.00      0.00        10
           9       0.00      0.00      0.00        14
          10       0.00      0.00      0.00        14
          11       0.00      0.00      0.00        54
          12       0.00      0.00      0.00         6
          13       0.00      0.00      0.00         7
          14       0.00      0.00      0.00        49
          15       0.00      0.00      0.00         1
          16       0.00      0.00      0.00        13
          17       0.00      0.00      0.00        25
          18       0.00      0.00      0.00         1
          19       0.00      0.00      0.00         6
          20       0.00      0.00      0.00        22
          21       0.00      0.00      0.00        18
          22       0.00      0.00      0.00        11
          23       0.00      0.00      0.00        17
          24       0.00      0.00      0.00         9
          25       0.00      0.00      0.00        37
          26       0.00      0.00      0.00        34
          27       0.00      0.00      0.00         9
          28       0.00      0.00      0.00        14
          29       0.00      0.00      0.00         4
          30       0.00      0.00      0.00        68
          31       0.00      0.00      0.00         8
          32       0.00      0.00      0.00        14
          33       0.00      0.00      0.00         2
          34       0.00      0.00      0.00         5
          35       0.00      0.00      0.00         3
          36       0.00      0.00      0.00         2
          37       0.00      0.00      0.00         2
          38       0.00      0.00      0.00         4
          39       0.00      0.00      0.00        15
          40       0.00      0.00      0.00         4
          41       0.00      0.00      0.00         5
          42       0.00      0.00      0.00         3
          43       0.00      0.00      0.00         7
          44       0.00      0.00      0.00         1
          45       0.00      0.00      0.00        11
          46       0.00      0.00      0.00         2
          47       0.00      0.00      0.00        12
          48       0.00      0.00      0.00        13
          49       0.00      0.00      0.00        14

   micro avg       0.00      0.00      0.00       754
   macro avg       0.00      0.00      0.00       754
weighted avg       0.00      0.00      0.00       754
 samples avg       0.00      0.00      0.00       754

> epoch: 2
              precision    recall  f1-score   support

           0       0.00      0.00      0.00        15
           1       0.00      0.00      0.00         8
           2       0.00      0.00      0.00         4
           3       0.00      0.00      0.00         7
           4       0.00      0.00      0.00        11
           5       0.00      0.00      0.00       117
           6       0.00      0.00      0.00        13
           7       0.00      0.00      0.00         9
           8       0.00      0.00      0.00        10
           9       0.00      0.00      0.00        14
          10       0.00      0.00      0.00        14
          11       0.00      0.00      0.00        54
          12       0.00      0.00      0.00         6
          13       0.00      0.00      0.00         7
          14       0.00      0.00      0.00        49
          15       0.00      0.00      0.00         1
          16       0.00      0.00      0.00        13
          17       0.00      0.00      0.00        25
          18       0.00      0.00      0.00         1
          19       0.00      0.00      0.00         6
          20       0.00      0.00      0.00        22
          21       0.00      0.00      0.00        18
          22       0.00      0.00      0.00        11
          23       0.00      0.00      0.00        17
          24       0.00      0.00      0.00         9
          25       0.00      0.00      0.00        37
          26       0.00      0.00      0.00        34
          27       0.00      0.00      0.00         9
          28       0.00      0.00      0.00        14
          29       0.00      0.00      0.00         4
          30       0.00      0.00      0.00        68
          31       0.00      0.00      0.00         8
          32       0.00      0.00      0.00        14
          33       0.00      0.00      0.00         2
          34       0.00      0.00      0.00         5
          35       0.00      0.00      0.00         3
          36       0.00      0.00      0.00         2
          37       0.00      0.00      0.00         2
          38       0.00      0.00      0.00         4
          39       0.00      0.00      0.00        15
          40       0.00      0.00      0.00         4
          41       0.00      0.00      0.00         5
          42       0.00      0.00      0.00         3
          43       0.00      0.00      0.00         7
          44       0.00      0.00      0.00         1
          45       0.00      0.00      0.00        11
          46       0.00      0.00      0.00         2
          47       0.00      0.00      0.00        12
          48       0.00      0.00      0.00        13
          49       0.00      0.00      0.00        14

   micro avg       0.00      0.00      0.00       754
   macro avg       0.00      0.00      0.00       754
weighted avg       0.00      0.00      0.00       754
 samples avg       0.00      0.00      0.00       754

> epoch: 3
              precision    recall  f1-score   support

           0       0.00      0.00      0.00        15
           1       0.00      0.00      0.00         8
           2       0.00      0.00      0.00         4
           3       0.00      0.00      0.00         7
           4       0.00      0.00      0.00        11
           5       0.00      0.00      0.00       117
           6       0.00      0.00      0.00        13
           7       0.00      0.00      0.00         9
           8       0.00      0.00      0.00        10
           9       0.00      0.00      0.00        14
          10       0.00      0.00      0.00        14
          11       0.00      0.00      0.00        54
          12       0.00      0.00      0.00         6
          13       0.00      0.00      0.00         7
          14       0.00      0.00      0.00        49
          15       0.00      0.00      0.00         1
          16       0.00      0.00      0.00        13
          17       0.00      0.00      0.00        25
          18       0.00      0.00      0.00         1
          19       0.00      0.00      0.00         6
          20       0.00      0.00      0.00        22
          21       0.00      0.00      0.00        18
          22       0.00      0.00      0.00        11
          23       0.00      0.00      0.00        17
          24       0.00      0.00      0.00         9
          25       0.00      0.00      0.00        37
          26       0.00      0.00      0.00        34
          27       0.00      0.00      0.00         9
          28       0.00      0.00      0.00        14
          29       0.00      0.00      0.00         4
          30       0.00      0.00      0.00        68
          31       0.00      0.00      0.00         8
          32       0.00      0.00      0.00        14
          33       0.00      0.00      0.00         2
          34       0.00      0.00      0.00         5
          35       0.00      0.00      0.00         3
          36       0.00      0.00      0.00         2
          37       0.00      0.00      0.00         2
          38       0.00      0.00      0.00         4
          39       0.00      0.00      0.00        15
          40       0.00      0.00      0.00         4
          41       0.00      0.00      0.00         5
          42       0.00      0.00      0.00         3
          43       0.00      0.00      0.00         7
          44       0.00      0.00      0.00         1
          45       0.00      0.00      0.00        11
          46       0.00      0.00      0.00         2
          47       0.00      0.00      0.00        12
          48       0.00      0.00      0.00        13
          49       0.00      0.00      0.00        14

   micro avg       0.00      0.00      0.00       754
   macro avg       0.00      0.00      0.00       754
weighted avg       0.00      0.00      0.00       754
 samples avg       0.00      0.00      0.00       754

> epoch: 4
              precision    recall  f1-score   support

           0       0.00      0.00      0.00        15
           1       0.00      0.00      0.00         8
           2       0.00      0.00      0.00         4
           3       0.00      0.00      0.00         7
           4       0.00      0.00      0.00        11
           5       0.17      0.07      0.10       117
           6       0.00      0.00      0.00        13
           7       0.00      0.00      0.00         9
           8       0.00      0.00      0.00        10
           9       0.00      0.00      0.00        14
          10       0.00      0.00      0.00        14
          11       0.00      0.00      0.00        54
          12       0.00      0.00      0.00         6
          13       0.00      0.00      0.00         7
          14       0.00      0.00      0.00        49
          15       0.00      0.00      0.00         1
          16       0.00      0.00      0.00        13
          17       0.00      0.00      0.00        25
          18       0.00      0.00      0.00         1
          19       0.00      0.00      0.00         6
          20       0.00      0.00      0.00        22
          21       0.00      0.00      0.00        18
          22       0.00      0.00      0.00        11
          23       0.00      0.00      0.00        17
          24       0.00      0.00      0.00         9
          25       0.00      0.00      0.00        37
          26       0.00      0.00      0.00        34
          27       0.00      0.00      0.00         9
          28       0.00      0.00      0.00        14
          29       0.00      0.00      0.00         4
          30       0.72      0.72      0.72        68
          31       0.00      0.00      0.00         8
          32       0.00      0.00      0.00        14
          33       0.00      0.00      0.00         2
          34       0.00      0.00      0.00         5
          35       0.00      0.00      0.00         3
          36       0.00      0.00      0.00         2
          37       0.00      0.00      0.00         2
          38       0.00      0.00      0.00         4
          39       0.00      0.00      0.00        15
          40       0.00      0.00      0.00         4
          41       0.00      0.00      0.00         5
          42       0.00      0.00      0.00         3
          43       0.00      0.00      0.00         7
          44       0.00      0.00      0.00         1
          45       0.00      0.00      0.00        11
          46       0.00      0.00      0.00         2
          47       0.00      0.00      0.00        12
          48       0.00      0.00      0.00        13
          49       0.00      0.00      0.00        14

   micro avg       0.49      0.08      0.13       754
   macro avg       0.02      0.02      0.02       754
weighted avg       0.09      0.08      0.08       754
 samples avg       0.01      0.01      0.01       754

> epoch: 5
              precision    recall  f1-score   support

           0       0.00      0.00      0.00        15
           1       0.00      0.00      0.00         8
           2       0.00      0.00      0.00         4
           3       0.00      0.00      0.00         7
           4       0.00      0.00      0.00        11
           5       0.62      0.09      0.15       117
           6       0.00      0.00      0.00        13
           7       0.00      0.00      0.00         9
           8       0.00      0.00      0.00        10
           9       0.00      0.00      0.00        14
          10       0.00      0.00      0.00        14
          11       0.77      0.19      0.30        54
          12       0.00      0.00      0.00         6
          13       0.00      0.00      0.00         7
          14       0.72      0.57      0.64        49
          15       0.00      0.00      0.00         1
          16       0.00      0.00      0.00        13
          17       1.00      0.08      0.15        25
          18       0.00      0.00      0.00         1
          19       0.00      0.00      0.00         6
          20       0.00      0.00      0.00        22
          21       0.00      0.00      0.00        18
          22       0.00      0.00      0.00        11
          23       0.00      0.00      0.00        17
          24       0.00      0.00      0.00         9
          25       0.68      0.35      0.46        37
          26       0.00      0.00      0.00        34
          27       0.00      0.00      0.00         9
          28       0.00      0.00      0.00        14
          29       0.00      0.00      0.00         4
          30       0.71      0.79      0.75        68
          31       0.00      0.00      0.00         8
          32       0.00      0.00      0.00        14
          33       0.00      0.00      0.00         2
          34       0.00      0.00      0.00         5
          35       0.00      0.00      0.00         3
          36       0.00      0.00      0.00         2
          37       0.00      0.00      0.00         2
          38       0.00      0.00      0.00         4
          39       0.00      0.00      0.00        15
          40       0.00      0.00      0.00         4
          41       0.00      0.00      0.00         5
          42       0.00      0.00      0.00         3
          43       0.00      0.00      0.00         7
          44       0.00      0.00      0.00         1
          45       0.00      0.00      0.00        11
          46       0.00      0.00      0.00         2
          47       0.00      0.00      0.00        12
          48       0.00      0.00      0.00        13
          49       0.00      0.00      0.00        14

   micro avg       0.71      0.16      0.25       754
   macro avg       0.09      0.04      0.05       754
weighted avg       0.33      0.16      0.18       754
 samples avg       0.04      0.03      0.03       754

> epoch: 6
              precision    recall  f1-score   support

           0       0.00      0.00      0.00        15
           1       0.00      0.00      0.00         8
           2       0.00      0.00      0.00         4
           3       0.00      0.00      0.00         7
           4       0.00      0.00      0.00        11
           5       0.54      0.50      0.52       117
           6       0.00      0.00      0.00        13
           7       0.00      0.00      0.00         9
           8       0.00      0.00      0.00        10
           9       0.00      0.00      0.00        14
          10       0.83      0.36      0.50        14
          11       0.64      0.59      0.62        54
          12       0.00      0.00      0.00         6
          13       0.00      0.00      0.00         7
          14       0.50      0.80      0.61        49
          15       0.00      0.00      0.00         1
          16       0.00      0.00      0.00        13
          17       1.00      0.12      0.21        25
          18       0.00      0.00      0.00         1
          19       0.00      0.00      0.00         6
          20       0.00      0.00      0.00        22
          21       0.00      0.00      0.00        18
          22       0.00      0.00      0.00        11
          23       0.71      0.29      0.42        17
          24       0.00      0.00      0.00         9
          25       0.55      0.59      0.57        37
          26       1.00      0.06      0.11        34
          27       0.00      0.00      0.00         9
          28       0.00      0.00      0.00        14
          29       0.00      0.00      0.00         4
          30       0.79      0.62      0.69        68
          31       0.00      0.00      0.00         8
          32       0.00      0.00      0.00        14
          33       0.00      0.00      0.00         2
          34       0.00      0.00      0.00         5
          35       0.00      0.00      0.00         3
          36       0.00      0.00      0.00         2
          37       0.00      0.00      0.00         2
          38       0.00      0.00      0.00         4
          39       0.00      0.00      0.00        15
          40       0.00      0.00      0.00         4
          41       0.00      0.00      0.00         5
          42       0.00      0.00      0.00         3
          43       0.00      0.00      0.00         7
          44       0.00      0.00      0.00         1
          45       0.00      0.00      0.00        11
          46       0.00      0.00      0.00         2
          47       0.00      0.00      0.00        12
          48       0.00      0.00      0.00        13
          49       0.00      0.00      0.00        14

   micro avg       0.60      0.28      0.38       754
   macro avg       0.13      0.08      0.09       754
weighted avg       0.37      0.28      0.29       754
 samples avg       0.06      0.06      0.06       754

> epoch: 7
              precision    recall  f1-score   support

           0       0.00      0.00      0.00        15
           1       0.00      0.00      0.00         8
           2       0.00      0.00      0.00         4
           3       0.00      0.00      0.00         7
           4       0.00      0.00      0.00        11
           5       0.59      0.52      0.55       117
           6       0.00      0.00      0.00        13
           7       0.00      0.00      0.00         9
           8       0.00      0.00      0.00        10
           9       0.00      0.00      0.00        14
          10       0.83      0.36      0.50        14
          11       0.74      0.65      0.69        54
          12       1.00      0.17      0.29         6
          13       0.00      0.00      0.00         7
          14       0.73      0.71      0.72        49
          15       0.00      0.00      0.00         1
          16       0.00      0.00      0.00        13
          17       0.80      0.32      0.46        25
          18       0.00      0.00      0.00         1
          19       0.00      0.00      0.00         6
          20       0.00      0.00      0.00        22
          21       0.00      0.00      0.00        18
          22       0.00      0.00      0.00        11
          23       0.67      0.24      0.35        17
          24       0.00      0.00      0.00         9
          25       0.67      0.38      0.48        37
          26       0.72      0.53      0.61        34
          27       0.00      0.00      0.00         9
          28       1.00      0.07      0.13        14
          29       0.00      0.00      0.00         4
          30       0.77      0.69      0.73        68
          31       0.00      0.00      0.00         8
          32       0.00      0.00      0.00        14
          33       0.00      0.00      0.00         2
          34       0.00      0.00      0.00         5
          35       0.00      0.00      0.00         3
          36       0.00      0.00      0.00         2
          37       0.00      0.00      0.00         2
          38       0.00      0.00      0.00         4
          39       0.00      0.00      0.00        15
          40       0.00      0.00      0.00         4
          41       0.00      0.00      0.00         5
          42       0.00      0.00      0.00         3
          43       0.00      0.00      0.00         7
          44       0.00      0.00      0.00         1
          45       1.00      0.09      0.17        11
          46       0.00      0.00      0.00         2
          47       0.00      0.00      0.00        12
          48       0.00      0.00      0.00        13
          49       0.00      0.00      0.00        14

   micro avg       0.69      0.31      0.42       754
   macro avg       0.19      0.09      0.11       754
weighted avg       0.42      0.31      0.34       754
 samples avg       0.07      0.07      0.07       754

> epoch: 8
              precision    recall  f1-score   support

           0       1.00      0.20      0.33        15
           1       0.00      0.00      0.00         8
           2       0.00      0.00      0.00         4
           3       0.00      0.00      0.00         7
           4       1.00      0.55      0.71        11
           5       0.58      0.35      0.44       117
           6       0.00      0.00      0.00        13
           7       0.00      0.00      0.00         9
           8       0.00      0.00      0.00        10
           9       0.00      0.00      0.00        14
          10       0.80      0.29      0.42        14
          11       0.74      0.26      0.38        54
          12       0.25      0.17      0.20         6
          13       0.00      0.00      0.00         7
          14       0.79      0.67      0.73        49
          15       0.00      0.00      0.00         1
          16       0.00      0.00      0.00        13
          17       0.71      0.20      0.31        25
          18       0.00      0.00      0.00         1
          19       0.00      0.00      0.00         6
          20       0.00      0.00      0.00        22
          21       1.00      0.11      0.20        18
          22       0.00      0.00      0.00        11
          23       0.75      0.53      0.62        17
          24       1.00      0.11      0.20         9
          25       0.77      0.54      0.63        37
          26       0.91      0.29      0.44        34
          27       0.00      0.00      0.00         9
          28       0.50      0.07      0.12        14
          29       1.00      0.25      0.40         4
          30       0.81      0.82      0.82        68
          31       0.00      0.00      0.00         8
          32       1.00      0.07      0.13        14
          33       0.00      0.00      0.00         2
          34       0.00      0.00      0.00         5
          35       0.00      0.00      0.00         3
          36       0.00      0.00      0.00         2
          37       0.00      0.00      0.00         2
          38       0.00      0.00      0.00         4
          39       0.00      0.00      0.00        15
          40       0.00      0.00      0.00         4
          41       0.00      0.00      0.00         5
          42       0.00      0.00      0.00         3
          43       0.00      0.00      0.00         7
          44       0.00      0.00      0.00         1
          45       0.00      0.00      0.00        11
          46       0.00      0.00      0.00         2
          47       0.00      0.00      0.00        12
          48       0.00      0.00      0.00        13
          49       0.00      0.00      0.00        14

   micro avg       0.73      0.28      0.40       754
   macro avg       0.27      0.11      0.14       754
weighted avg       0.51      0.28      0.33       754
 samples avg       0.07      0.06      0.06       754

> epoch: 9
              precision    recall  f1-score   support

           0       1.00      0.27      0.42        15
           1       0.00      0.00      0.00         8
           2       0.00      0.00      0.00         4
           3       0.00      0.00      0.00         7
           4       0.88      0.64      0.74        11
           5       0.57      0.50      0.54       117
           6       0.00      0.00      0.00        13
           7       0.00      0.00      0.00         9
           8       0.00      0.00      0.00        10
           9       0.00      0.00      0.00        14
          10       0.69      0.64      0.67        14
          11       0.68      0.67      0.67        54
          12       0.40      0.67      0.50         6
          13       0.00      0.00      0.00         7
          14       0.73      0.76      0.74        49
          15       0.00      0.00      0.00         1
          16       0.00      0.00      0.00        13
          17       0.67      0.24      0.35        25
          18       0.00      0.00      0.00         1
          19       0.00      0.00      0.00         6
          20       0.00      0.00      0.00        22
          21       1.00      0.33      0.50        18
          22       1.00      0.09      0.17        11
          23       0.80      0.71      0.75        17
          24       0.67      0.22      0.33         9
          25       0.61      0.68      0.64        37
          26       0.67      0.53      0.59        34
          27       1.00      0.11      0.20         9
          28       0.33      0.36      0.34        14
          29       0.50      0.75      0.60         4
          30       0.78      0.85      0.82        68
          31       0.00      0.00      0.00         8
          32       1.00      0.64      0.78        14
          33       0.00      0.00      0.00         2
          34       0.33      0.20      0.25         5
          35       0.00      0.00      0.00         3
          36       0.00      0.00      0.00         2
          37       0.00      0.00      0.00         2
          38       1.00      0.25      0.40         4
          39       0.00      0.00      0.00        15
          40       0.00      0.00      0.00         4
          41       0.00      0.00      0.00         5
          42       0.00      0.00      0.00         3
          43       0.00      0.00      0.00         7
          44       0.00      0.00      0.00         1
          45       0.60      0.27      0.38        11
          46       0.00      0.00      0.00         2
          47       0.00      0.00      0.00        12
          48       0.00      0.00      0.00        13
          49       1.00      0.50      0.67        14

   micro avg       0.68      0.42      0.52       754
   macro avg       0.34      0.22      0.24       754
weighted avg       0.52      0.42      0.44       754
 samples avg       0.09      0.09      0.09       754

> epoch: 10
              precision    recall  f1-score   support

           0       1.00      0.20      0.33        15
           1       0.00      0.00      0.00         8
           2       0.00      0.00      0.00         4
           3       0.50      0.14      0.22         7
           4       0.75      0.55      0.63        11
           5       0.51      0.68      0.58       117
           6       1.00      0.08      0.14        13
           7       0.00      0.00      0.00         9
           8       0.50      0.10      0.17        10
           9       1.00      0.64      0.78        14
          10       0.73      0.57      0.64        14
          11       0.64      0.76      0.69        54
          12       0.33      0.17      0.22         6
          13       0.25      0.14      0.18         7
          14       0.68      0.73      0.71        49
          15       0.00      0.00      0.00         1
          16       0.25      0.08      0.12        13
          17       0.50      0.56      0.53        25
          18       0.00      0.00      0.00         1
          19       0.00      0.00      0.00         6
          20       0.75      0.27      0.40        22
          21       0.86      0.67      0.75        18
          22       0.56      0.45      0.50        11
          23       0.70      0.82      0.76        17
          24       0.45      0.56      0.50         9
          25       0.49      0.65      0.56        37
          26       0.61      0.59      0.60        34
          27       1.00      0.22      0.36         9
          28       0.29      0.36      0.32        14
          29       0.50      0.25      0.33         4
          30       0.75      0.84      0.79        68
          31       1.00      0.38      0.55         8
          32       1.00      0.64      0.78        14
          33       0.00      0.00      0.00         2
          34       0.25      0.20      0.22         5
          35       0.00      0.00      0.00         3
          36       0.00      0.00      0.00         2
          37       0.00      0.00      0.00         2
          38       0.75      0.75      0.75         4
          39       1.00      0.07      0.12        15
          40       0.00      0.00      0.00         4
          41       0.00      0.00      0.00         5
          42       0.00      0.00      0.00         3
          43       0.80      0.57      0.67         7
          44       0.00      0.00      0.00         1
          45       0.60      0.27      0.38        11
          46       0.00      0.00      0.00         2
          47       0.00      0.00      0.00        12
          48       0.00      0.00      0.00        13
          49       1.00      0.57      0.73        14

   micro avg       0.61      0.51      0.56       754
   macro avg       0.44      0.29      0.32       754
weighted avg       0.59      0.51      0.51       754
 samples avg       0.11      0.11      0.11       754

> epoch: 11
              precision    recall  f1-score   support

           0       0.82      0.60      0.69        15
           1       0.00      0.00      0.00         8
           2       0.00      0.00      0.00         4
           3       0.00      0.00      0.00         7
           4       0.62      0.91      0.74        11
           5       0.43      0.69      0.53       117
           6       0.00      0.00      0.00        13
           7       0.00      0.00      0.00         9
           8       0.33      0.10      0.15        10
           9       1.00      0.71      0.83        14
          10       0.75      0.64      0.69        14
          11       0.67      0.70      0.68        54
          12       0.50      0.17      0.25         6
          13       0.50      0.14      0.22         7
          14       0.63      0.78      0.70        49
          15       0.00      0.00      0.00         1
          16       0.25      0.08      0.12        13
          17       0.74      0.56      0.64        25
          18       0.00      0.00      0.00         1
          19       0.00      0.00      0.00         6
          20       0.64      0.41      0.50        22
          21       0.92      0.61      0.73        18
          22       1.00      0.55      0.71        11
          23       0.81      0.76      0.79        17
          24       0.44      0.44      0.44         9
          25       0.64      0.62      0.63        37
          26       0.65      0.50      0.57        34
          27       1.00      0.56      0.71         9
          28       0.31      0.29      0.30        14
          29       0.50      0.25      0.33         4
          30       0.84      0.79      0.82        68
          31       1.00      0.62      0.77         8
          32       1.00      0.71      0.83        14
          33       0.00      0.00      0.00         2
          34       0.50      0.40      0.44         5
          35       0.00      0.00      0.00         3
          36       0.00      0.00      0.00         2
          37       0.00      0.00      0.00         2
          38       1.00      0.25      0.40         4
          39       0.00      0.00      0.00        15
          40       0.00      0.00      0.00         4
          41       0.00      0.00      0.00         5
          42       0.00      0.00      0.00         3
          43       0.75      0.43      0.55         7
          44       0.00      0.00      0.00         1
          45       0.83      0.45      0.59        11
          46       0.00      0.00      0.00         2
          47       0.00      0.00      0.00        12
          48       0.67      0.15      0.25        13
          49       1.00      0.64      0.78        14

   micro avg       0.63      0.53      0.57       754
   macro avg       0.44      0.31      0.35       754
weighted avg       0.58      0.53      0.53       754
 samples avg       0.12      0.11      0.11       754

> epoch: 12
              precision    recall  f1-score   support

           0       0.73      0.73      0.73        15
           1       0.00      0.00      0.00         8
           2       0.00      0.00      0.00         4
           3       0.50      0.43      0.46         7
           4       0.82      0.82      0.82        11
           5       0.53      0.60      0.56       117
           6       1.00      0.15      0.27        13
           7       0.00      0.00      0.00         9
           8       0.29      0.20      0.24        10
           9       1.00      0.79      0.88        14
          10       0.69      0.64      0.67        14
          11       0.74      0.57      0.65        54
          12       0.38      0.83      0.53         6
          13       0.38      0.43      0.40         7
          14       0.82      0.67      0.74        49
          15       0.00      0.00      0.00         1
          16       0.50      0.15      0.24        13
          17       0.55      0.68      0.61        25
          18       0.00      0.00      0.00         1
          19       0.00      0.00      0.00         6
          20       0.80      0.36      0.50        22
          21       0.59      0.72      0.65        18
          22       0.70      0.64      0.67        11
          23       0.76      0.76      0.76        17
          24       0.33      0.67      0.44         9
          25       0.62      0.70      0.66        37
          26       0.56      0.56      0.56        34
          27       1.00      0.44      0.62         9
          28       0.38      0.43      0.40        14
          29       0.50      0.75      0.60         4
          30       0.79      0.84      0.81        68
          31       1.00      0.62      0.77         8
          32       0.85      0.79      0.81        14
          33       0.00      0.00      0.00         2
          34       0.40      0.40      0.40         5
          35       0.00      0.00      0.00         3
          36       0.00      0.00      0.00         2
          37       0.00      0.00      0.00         2
          38       0.75      0.75      0.75         4
          39       0.73      0.53      0.62        15
          40       0.00      0.00      0.00         4
          41       0.00      0.00      0.00         5
          42       0.00      0.00      0.00         3
          43       0.86      0.86      0.86         7
          44       0.00      0.00      0.00         1
          45       0.69      0.82      0.75        11
          46       0.00      0.00      0.00         2
          47       0.00      0.00      0.00        12
          48       0.33      0.15      0.21        13
          49       0.92      0.79      0.85        14

   micro avg       0.64      0.57      0.60       754
   macro avg       0.45      0.41      0.41       754
weighted avg       0.61      0.57      0.57       754
 samples avg       0.12      0.12      0.12       754

> epoch: 13
              precision    recall  f1-score   support

           0       0.73      0.73      0.73        15
           1       0.00      0.00      0.00         8
           2       0.00      0.00      0.00         4
           3       0.50      0.14      0.22         7
           4       0.75      0.82      0.78        11
           5       0.59      0.57      0.58       117
           6       1.00      0.08      0.14        13
           7       0.33      0.22      0.27         9
           8       0.67      0.40      0.50        10
           9       1.00      0.86      0.92        14
          10       0.71      0.71      0.71        14
          11       0.67      0.72      0.70        54
          12       0.50      0.67      0.57         6
          13       0.67      0.29      0.40         7
          14       0.71      0.65      0.68        49
          15       0.00      0.00      0.00         1
          16       0.33      0.15      0.21        13
          17       0.63      0.48      0.55        25
          18       0.00      0.00      0.00         1
          19       0.00      0.00      0.00         6
          20       1.00      0.27      0.43        22
          21       0.75      0.67      0.71        18
          22       0.71      0.45      0.56        11
          23       0.86      0.71      0.77        17
          24       0.33      0.44      0.38         9
          25       0.66      0.68      0.67        37
          26       0.61      0.50      0.55        34
          27       1.00      0.56      0.71         9
          28       0.46      0.43      0.44        14
          29       0.33      0.25      0.29         4
          30       0.76      0.84      0.80        68
          31       0.80      0.50      0.62         8
          32       0.90      0.64      0.75        14
          33       0.00      0.00      0.00         2
          34       0.57      0.80      0.67         5
          35       1.00      0.33      0.50         3
          36       0.00      0.00      0.00         2
          37       0.00      0.00      0.00         2
          38       0.67      1.00      0.80         4
          39       0.80      0.53      0.64        15
          40       0.00      0.00      0.00         4
          41       0.00      0.00      0.00         5
          42       0.00      0.00      0.00         3
          43       0.83      0.71      0.77         7
          44       0.00      0.00      0.00         1
          45       0.67      0.55      0.60        11
          46       0.00      0.00      0.00         2
          47       0.00      0.00      0.00        12
          48       1.00      0.15      0.27        13
          49       0.91      0.71      0.80        14

   micro avg       0.68      0.55      0.60       754
   macro avg       0.51      0.38      0.41       754
weighted avg       0.65      0.55      0.57       754
 samples avg       0.12      0.11      0.12       754

> epoch: 14
              precision    recall  f1-score   support

           0       0.73      0.73      0.73        15
           1       0.00      0.00      0.00         8
           2       0.00      0.00      0.00         4
           3       0.30      0.43      0.35         7
           4       0.82      0.82      0.82        11
           5       0.57      0.56      0.57       117
           6       1.00      0.15      0.27        13
           7       0.17      0.11      0.13         9
           8       1.00      0.20      0.33        10
           9       1.00      0.71      0.83        14
          10       0.67      0.57      0.62        14
          11       0.68      0.72      0.70        54
          12       0.57      0.67      0.62         6
          13       0.50      0.57      0.53         7
          14       0.83      0.69      0.76        49
          15       0.00      0.00      0.00         1
          16       0.47      0.54      0.50        13
          17       0.62      0.64      0.63        25
          18       0.00      0.00      0.00         1
          19       0.00      0.00      0.00         6
          20       0.77      0.45      0.57        22
          21       0.87      0.72      0.79        18
          22       0.86      0.55      0.67        11
          23       0.74      0.82      0.78        17
          24       0.38      0.56      0.45         9
          25       0.58      0.70      0.63        37
          26       0.53      0.56      0.54        34
          27       1.00      0.56      0.71         9
          28       0.53      0.57      0.55        14
          29       0.50      0.50      0.50         4
          30       0.78      0.79      0.79        68
          31       0.86      0.75      0.80         8
          32       0.79      0.79      0.79        14
          33       0.00      0.00      0.00         2
          34       0.43      0.60      0.50         5
          35       0.50      0.33      0.40         3
          36       0.00      0.00      0.00         2
          37       0.00      0.00      0.00         2
          38       0.75      0.75      0.75         4
          39       0.83      0.33      0.48        15
          40       1.00      0.50      0.67         4
          41       0.00      0.00      0.00         5
          42       0.00      0.00      0.00         3
          43       0.78      1.00      0.88         7
          44       0.00      0.00      0.00         1
          45       0.60      0.55      0.57        11
          46       0.50      0.50      0.50         2
          47       1.00      0.17      0.29        12
          48       0.43      0.46      0.44        13
          49       0.92      0.79      0.85        14

   micro avg       0.66      0.59      0.62       754
   macro avg       0.54      0.45      0.47       754
weighted avg       0.66      0.59      0.60       754
 samples avg       0.13      0.12      0.12       754

> epoch: 15
              precision    recall  f1-score   support

           0       0.79      0.73      0.76        15
           1       0.00      0.00      0.00         8
           2       0.00      0.00      0.00         4
           3       0.62      0.71      0.67         7
           4       0.69      0.82      0.75        11
           5       0.61      0.54      0.57       117
           6       1.00      0.31      0.47        13
           7       0.25      0.11      0.15         9
           8       0.46      0.60      0.52        10
           9       1.00      0.86      0.92        14
          10       0.73      0.57      0.64        14
          11       0.74      0.69      0.71        54
          12       0.50      0.67      0.57         6
          13       0.57      0.57      0.57         7
          14       0.70      0.78      0.74        49
          15       0.00      0.00      0.00         1
          16       0.50      0.15      0.24        13
          17       0.68      0.60      0.64        25
          18       0.00      0.00      0.00         1
          19       0.00      0.00      0.00         6
          20       0.62      0.45      0.53        22
          21       0.72      0.72      0.72        18
          22       0.73      0.73      0.73        11
          23       0.72      0.76      0.74        17
          24       0.36      0.44      0.40         9
          25       0.60      0.68      0.63        37
          26       0.61      0.59      0.60        34
          27       1.00      0.56      0.71         9
          28       0.27      0.43      0.33        14
          29       0.43      0.75      0.55         4
          30       0.80      0.87      0.83        68
          31       0.83      0.62      0.71         8
          32       0.75      0.64      0.69        14
          33       0.00      0.00      0.00         2
          34       0.50      0.60      0.55         5
          35       1.00      0.67      0.80         3
          36       0.00      0.00      0.00         2
          37       0.00      0.00      0.00         2
          38       0.75      0.75      0.75         4
          39       0.75      0.40      0.52        15
          40       1.00      0.75      0.86         4
          41       0.00      0.00      0.00         5
          42       0.00      0.00      0.00         3
          43       1.00      1.00      1.00         7
          44       0.00      0.00      0.00         1
          45       0.67      0.55      0.60        11
          46       0.00      0.00      0.00         2
          47       1.00      0.17      0.29        12
          48       0.29      0.15      0.20        13
          49       0.92      0.79      0.85        14

   micro avg       0.67      0.59      0.63       754
   macro avg       0.52      0.46      0.47       754
weighted avg       0.65      0.59      0.60       754
 samples avg       0.13      0.12      0.12       754

> epoch: 16
              precision    recall  f1-score   support

           0       0.60      0.60      0.60        15
           1       0.00      0.00      0.00         8
           2       0.00      0.00      0.00         4
           3       0.60      0.43      0.50         7
           4       0.62      0.91      0.74        11
           5       0.49      0.68      0.57       117
           6       1.00      0.08      0.14        13
           7       0.45      0.56      0.50         9
           8       0.83      0.50      0.62        10
           9       1.00      0.93      0.96        14
          10       0.67      0.71      0.69        14
          11       0.75      0.70      0.72        54
          12       0.57      0.67      0.62         6
          13       0.62      0.71      0.67         7
          14       0.75      0.84      0.79        49
          15       0.00      0.00      0.00         1
          16       0.36      0.31      0.33        13
          17       0.68      0.60      0.64        25
          18       0.00      0.00      0.00         1
          19       0.00      0.00      0.00         6
          20       0.69      0.41      0.51        22
          21       0.75      0.67      0.71        18
          22       0.67      0.73      0.70        11
          23       0.79      0.88      0.83        17
          24       0.39      0.78      0.52         9
          25       0.59      0.70      0.64        37
          26       0.51      0.56      0.54        34
          27       1.00      0.44      0.62         9
          28       0.42      0.57      0.48        14
          29       0.50      0.75      0.60         4
          30       0.76      0.85      0.81        68
          31       0.75      0.75      0.75         8
          32       0.82      0.64      0.72        14
          33       0.00      0.00      0.00         2
          34       0.50      0.80      0.62         5
          35       0.67      0.67      0.67         3
          36       0.00      0.00      0.00         2
          37       0.00      0.00      0.00         2
          38       0.60      0.75      0.67         4
          39       0.77      0.67      0.71        15
          40       1.00      0.75      0.86         4
          41       0.00      0.00      0.00         5
          42       0.00      0.00      0.00         3
          43       0.88      1.00      0.93         7
          44       0.00      0.00      0.00         1
          45       0.54      0.64      0.58        11
          46       0.50      0.50      0.50         2
          47       1.00      0.25      0.40        12
          48       0.50      0.31      0.38        13
          49       1.00      0.79      0.88        14

   micro avg       0.63      0.64      0.64       754
   macro avg       0.53      0.50      0.49       754
weighted avg       0.64      0.64      0.62       754
 samples avg       0.14      0.13      0.13       754

> epoch: 17
              precision    recall  f1-score   support

           0       0.80      0.80      0.80        15
           1       0.00      0.00      0.00         8
           2       0.00      0.00      0.00         4
           3       0.00      0.00      0.00         7
           4       0.77      0.91      0.83        11
           5       0.49      0.62      0.55       117
           6       0.00      0.00      0.00        13
           7       0.33      0.33      0.33         9
           8       0.71      0.50      0.59        10
           9       1.00      0.93      0.96        14
          10       0.77      0.71      0.74        14
          11       0.57      0.74      0.65        54
          12       0.67      0.67      0.67         6
          13       0.71      0.71      0.71         7
          14       0.62      0.82      0.70        49
          15       0.00      0.00      0.00         1
          16       0.45      0.38      0.42        13
          17       0.67      0.64      0.65        25
          18       0.00      0.00      0.00         1
          19       0.00      0.00      0.00         6
          20       0.64      0.41      0.50        22
          21       0.67      0.56      0.61        18
          22       0.64      0.64      0.64        11
          23       0.71      0.71      0.71        17
          24       0.38      0.67      0.48         9
          25       0.55      0.76      0.64        37
          26       0.54      0.74      0.62        34
          27       1.00      0.56      0.71         9
          28       0.50      0.57      0.53        14
          29       0.50      0.75      0.60         4
          30       0.78      0.76      0.77        68
          31       0.86      0.75      0.80         8
          32       0.75      0.64      0.69        14
          33       0.00      0.00      0.00         2
          34       0.40      0.80      0.53         5
          35       0.50      0.33      0.40         3
          36       0.00      0.00      0.00         2
          37       0.00      0.00      0.00         2
          38       0.75      0.75      0.75         4
          39       0.79      0.73      0.76        15
          40       1.00      0.75      0.86         4
          41       0.00      0.00      0.00         5
          42       0.00      0.00      0.00         3
          43       0.78      1.00      0.88         7
          44       0.00      0.00      0.00         1
          45       0.58      0.64      0.61        11
          46       0.00      0.00      0.00         2
          47       1.00      0.25      0.40        12
          48       0.31      0.38      0.34        13
          49       0.92      0.79      0.85        14

   micro avg       0.61      0.62      0.62       754
   macro avg       0.48      0.47      0.47       754
weighted avg       0.59      0.62      0.59       754
 samples avg       0.14      0.13      0.13       754

> epoch: 18
              precision    recall  f1-score   support

           0       0.79      0.73      0.76        15
           1       0.00      0.00      0.00         8
           2       0.00      0.00      0.00         4
           3       1.00      0.29      0.44         7
           4       0.69      0.82      0.75        11
           5       0.52      0.58      0.55       117
           6       1.00      0.15      0.27        13
           7       0.12      0.11      0.12         9
           8       0.75      0.30      0.43        10
           9       1.00      0.86      0.92        14
          10       0.75      0.64      0.69        14
          11       0.66      0.69      0.67        54
          12       0.57      0.67      0.62         6
          13       0.67      0.57      0.62         7
          14       0.72      0.80      0.76        49
          15       0.00      0.00      0.00         1
          16       0.50      0.46      0.48        13
          17       0.58      0.56      0.57        25
          18       0.00      0.00      0.00         1
          19       0.00      0.00      0.00         6
          20       0.82      0.41      0.55        22
          21       0.86      0.67      0.75        18
          22       0.67      0.73      0.70        11
          23       0.59      0.76      0.67        17
          24       0.44      0.44      0.44         9
          25       0.63      0.65      0.64        37
          26       0.63      0.50      0.56        34
          27       1.00      0.56      0.71         9
          28       0.54      0.50      0.52        14
          29       0.67      1.00      0.80         4
          30       0.77      0.85      0.81        68
          31       0.67      0.75      0.71         8
          32       0.73      0.79      0.76        14
          33       0.00      0.00      0.00         2
          34       0.57      0.80      0.67         5
          35       0.50      0.33      0.40         3
          36       0.00      0.00      0.00         2
          37       0.00      0.00      0.00         2
          38       1.00      0.50      0.67         4
          39       0.82      0.60      0.69        15
          40       1.00      0.50      0.67         4
          41       0.00      0.00      0.00         5
          42       0.00      0.00      0.00         3
          43       1.00      1.00      1.00         7
          44       0.00      0.00      0.00         1
          45       0.57      0.73      0.64        11
          46       0.00      0.00      0.00         2
          47       1.00      0.17      0.29        12
          48       0.62      0.38      0.48        13
          49       0.92      0.79      0.85        14

   micro avg       0.66      0.60      0.63       754
   macro avg       0.55      0.45      0.47       754
weighted avg       0.65      0.60      0.60       754
 samples avg       0.13      0.13      0.13       754

> epoch: 19
              precision    recall  f1-score   support

           0       0.67      0.67      0.67        15
           1       0.22      0.25      0.24         8
           2       0.50      0.25      0.33         4
           3       0.60      0.86      0.71         7
           4       0.64      0.82      0.72        11
           5       0.56      0.56      0.56       117
           6       1.00      0.31      0.47        13
           7       0.40      0.44      0.42         9
           8       0.33      0.60      0.43        10
           9       1.00      0.86      0.92        14
          10       0.64      0.64      0.64        14
          11       0.71      0.74      0.73        54
          12       0.57      0.67      0.62         6
          13       0.56      0.71      0.62         7
          14       0.62      0.82      0.71        49
          15       0.00      0.00      0.00         1
          16       0.44      0.54      0.48        13
          17       0.58      0.72      0.64        25
          18       0.00      0.00      0.00         1
          19       0.00      0.00      0.00         6
          20       0.65      0.50      0.56        22
          21       0.76      0.72      0.74        18
          22       0.56      0.82      0.67        11
          23       0.50      0.82      0.62        17
          24       0.33      0.56      0.42         9
          25       0.51      0.81      0.62        37
          26       0.55      0.65      0.59        34
          27       1.00      0.78      0.88         9
          28       0.40      0.57      0.47        14
          29       0.50      1.00      0.67         4
          30       0.77      0.82      0.79        68
          31       0.75      0.75      0.75         8
          32       0.69      0.79      0.73        14
          33       0.00      0.00      0.00         2
          34       0.40      0.80      0.53         5
          35       0.25      0.33      0.29         3
          36       0.00      0.00      0.00         2
          37       1.00      0.50      0.67         2
          38       0.80      1.00      0.89         4
          39       0.77      0.67      0.71        15
          40       0.75      0.75      0.75         4
          41       0.00      0.00      0.00         5
          42       0.00      0.00      0.00         3
          43       0.78      1.00      0.88         7
          44       0.00      0.00      0.00         1
          45       0.57      0.73      0.64        11
          46       0.50      0.50      0.50         2
          47       1.00      0.33      0.50        12
          48       0.50      0.46      0.48        13
          49       0.85      0.79      0.81        14

   micro avg       0.60      0.66      0.63       754
   macro avg       0.52      0.56      0.52       754
weighted avg       0.61      0.66      0.62       754
 samples avg       0.14      0.14      0.14       754

> epoch: 20
              precision    recall  f1-score   support

           0       0.65      0.73      0.69        15
           1       0.25      0.12      0.17         8
           2       0.75      0.75      0.75         4
           3       0.50      0.86      0.63         7
           4       0.60      0.82      0.69        11
           5       0.61      0.55      0.58       117
           6       0.71      0.38      0.50        13
           7       0.30      0.33      0.32         9
           8       0.55      0.60      0.57        10
           9       1.00      0.86      0.92        14
          10       0.69      0.64      0.67        14
          11       0.72      0.70      0.71        54
          12       0.57      0.67      0.62         6
          13       0.44      0.57      0.50         7
          14       0.69      0.76      0.72        49
          15       0.00      0.00      0.00         1
          16       0.54      0.54      0.54        13
          17       0.68      0.60      0.64        25
          18       0.00      0.00      0.00         1
          19       0.00      0.00      0.00         6
          20       0.77      0.45      0.57        22
          21       0.64      0.78      0.70        18
          22       0.70      0.64      0.67        11
          23       0.58      0.82      0.68        17
          24       0.33      0.44      0.38         9
          25       0.63      0.70      0.67        37
          26       0.63      0.50      0.56        34
          27       1.00      0.78      0.88         9
          28       0.42      0.71      0.53        14
          29       0.50      0.75      0.60         4
          30       0.81      0.81      0.81        68
          31       0.67      0.75      0.71         8
          32       0.77      0.71      0.74        14
          33       0.00      0.00      0.00         2
          34       0.50      0.80      0.62         5
          35       1.00      0.33      0.50         3
          36       0.00      0.00      0.00         2
          37       0.00      0.00      0.00         2
          38       0.75      0.75      0.75         4
          39       0.80      0.80      0.80        15
          40       1.00      0.75      0.86         4
          41       0.00      0.00      0.00         5
          42       0.00      0.00      0.00         3
          43       0.58      1.00      0.74         7
          44       0.00      0.00      0.00         1
          45       0.75      0.55      0.63        11
          46       0.50      0.50      0.50         2
          47       0.75      0.25      0.38        12
          48       0.70      0.54      0.61        13
          49       0.92      0.79      0.85        14

   micro avg       0.66      0.63      0.64       754
   macro avg       0.54      0.53      0.52       754
weighted avg       0.65      0.63      0.63       754
 samples avg       0.14      0.13      0.13       754

> epoch: 21
              precision    recall  f1-score   support

           0       0.71      0.80      0.75        15
           1       0.00      0.00      0.00         8
           2       1.00      0.25      0.40         4
           3       0.67      0.86      0.75         7
           4       0.64      0.82      0.72        11
           5       0.59      0.55      0.57       117
           6       0.83      0.38      0.53        13
           7       0.26      0.56      0.36         9
           8       0.60      0.60      0.60        10
           9       1.00      0.86      0.92        14
          10       0.57      0.57      0.57        14
          11       0.75      0.74      0.75        54
          12       0.57      0.67      0.62         6
          13       0.57      0.57      0.57         7
          14       0.56      0.84      0.67        49
          15       0.00      0.00      0.00         1
          16       0.38      0.38      0.38        13
          17       0.71      0.48      0.57        25
          18       0.00      0.00      0.00         1
          19       0.00      0.00      0.00         6
          20       0.79      0.50      0.61        22
          21       0.75      0.67      0.71        18
          22       0.86      0.55      0.67        11
          23       0.74      0.82      0.78        17
          24       0.35      0.67      0.46         9
          25       0.60      0.57      0.58        37
          26       0.70      0.47      0.56        34
          27       1.00      0.89      0.94         9
          28       0.39      0.50      0.44        14
          29       0.43      0.75      0.55         4
          30       0.74      0.84      0.79        68
          31       0.86      0.75      0.80         8
          32       0.75      0.64      0.69        14
          33       0.00      0.00      0.00         2
          34       0.36      0.80      0.50         5
          35       0.50      0.33      0.40         3
          36       0.00      0.00      0.00         2
          37       0.00      0.00      0.00         2
          38       0.75      0.75      0.75         4
          39       0.75      0.60      0.67        15
          40       1.00      0.50      0.67         4
          41       0.00      0.00      0.00         5
          42       0.00      0.00      0.00         3
          43       0.78      1.00      0.88         7
          44       0.00      0.00      0.00         1
          45       0.56      0.91      0.69        11
          46       0.00      0.00      0.00         2
          47       1.00      0.25      0.40        12
          48       0.43      0.46      0.44        13
          49       0.92      0.79      0.85        14

   micro avg       0.64      0.62      0.63       754
   macro avg       0.53      0.50      0.49       754
weighted avg       0.64      0.62      0.61       754
 samples avg       0.13      0.13      0.13       754

> epoch: 22
              precision    recall  f1-score   support

           0       0.63      0.80      0.71        15
           1       0.00      0.00      0.00         8
           2       0.50      0.50      0.50         4
           3       0.56      0.71      0.62         7
           4       0.56      0.82      0.67        11
           5       0.57      0.58      0.58       117
           6       1.00      0.31      0.47        13
           7       0.11      0.22      0.14         9
           8       0.83      0.50      0.62        10
           9       1.00      0.86      0.92        14
          10       0.59      0.71      0.65        14
          11       0.70      0.72      0.71        54
          12       0.50      0.67      0.57         6
          13       0.57      0.57      0.57         7
          14       0.61      0.82      0.70        49
          15       0.00      0.00      0.00         1
          16       0.50      0.54      0.52        13
          17       0.67      0.64      0.65        25
          18       0.00      0.00      0.00         1
          19       0.00      0.00      0.00         6
          20       0.75      0.41      0.53        22
          21       0.76      0.72      0.74        18
          22       0.88      0.64      0.74        11
          23       0.76      0.76      0.76        17
          24       0.32      0.67      0.43         9
          25       0.57      0.46      0.51        37
          26       0.62      0.62      0.62        34
          27       1.00      0.56      0.71         9
          28       0.35      0.64      0.45        14
          29       0.57      1.00      0.73         4
          30       0.75      0.82      0.78        68
          31       0.71      0.62      0.67         8
          32       0.75      0.64      0.69        14
          33       0.00      0.00      0.00         2
          34       0.36      1.00      0.53         5
          35       0.50      0.67      0.57         3
          36       0.00      0.00      0.00         2
          37       0.50      0.50      0.50         2
          38       0.80      1.00      0.89         4
          39       0.61      0.73      0.67        15
          40       0.75      0.75      0.75         4
          41       0.00      0.00      0.00         5
          42       0.00      0.00      0.00         3
          43       0.58      1.00      0.74         7
          44       1.00      1.00      1.00         1
          45       0.44      0.64      0.52        11
          46       0.33      0.50      0.40         2
          47       0.50      0.17      0.25        12
          48       0.56      0.38      0.45        13
          49       0.92      0.79      0.85        14

   micro avg       0.61      0.63      0.62       754
   macro avg       0.53      0.55      0.52       754
weighted avg       0.62      0.63      0.61       754
 samples avg       0.14      0.13      0.13       754

> epoch: 23
              precision    recall  f1-score   support

           0       0.65      0.73      0.69        15
           1       0.40      0.25      0.31         8
           2       0.75      0.75      0.75         4
           3       0.67      0.86      0.75         7
           4       0.69      0.82      0.75        11
           5       0.59      0.48      0.53       117
           6       0.75      0.23      0.35        13
           7       0.10      0.11      0.11         9
           8       0.45      0.50      0.48        10
           9       1.00      0.86      0.92        14
          10       0.56      0.64      0.60        14
          11       0.73      0.74      0.73        54
          12       0.44      0.67      0.53         6
          13       0.45      0.71      0.56         7
          14       0.71      0.82      0.76        49
          15       0.00      0.00      0.00         1
          16       0.29      0.31      0.30        13
          17       0.71      0.68      0.69        25
          18       0.00      0.00      0.00         1
          19       0.00      0.00      0.00         6
          20       0.69      0.41      0.51        22
          21       0.67      0.67      0.67        18
          22       0.78      0.64      0.70        11
          23       0.81      0.76      0.79        17
          24       0.33      0.67      0.44         9
          25       0.59      0.62      0.61        37
          26       0.66      0.56      0.60        34
          27       0.86      0.67      0.75         9
          28       0.35      0.50      0.41        14
          29       0.60      0.75      0.67         4
          30       0.81      0.79      0.80        68
          31       0.75      0.75      0.75         8
          32       0.77      0.71      0.74        14
          33       0.00      0.00      0.00         2
          34       0.57      0.80      0.67         5
          35       0.40      0.67      0.50         3
          36       0.00      0.00      0.00         2
          37       0.00      0.00      0.00         2
          38       0.75      0.75      0.75         4
          39       0.77      0.67      0.71        15
          40       0.75      0.75      0.75         4
          41       1.00      0.40      0.57         5
          42       0.00      0.00      0.00         3
          43       0.64      1.00      0.78         7
          44       0.50      1.00      0.67         1
          45       0.48      0.91      0.62        11
          46       0.50      0.50      0.50         2
          47       0.62      0.42      0.50        12
          48       0.43      0.23      0.30        13
          49       0.92      0.79      0.85        14

   micro avg       0.64      0.62      0.63       754
   macro avg       0.54      0.55      0.53       754
weighted avg       0.64      0.62      0.62       754
 samples avg       0.13      0.13      0.13       754

> epoch: 24
              precision    recall  f1-score   support

           0       0.64      0.60      0.62        15
           1       0.00      0.00      0.00         8
           2       0.75      0.75      0.75         4
           3       0.56      0.71      0.62         7
           4       0.71      0.91      0.80        11
           5       0.52      0.57      0.54       117
           6       0.83      0.38      0.53        13
           7       0.15      0.22      0.18         9
           8       0.71      0.50      0.59        10
           9       1.00      0.86      0.92        14
          10       0.69      0.64      0.67        14
          11       0.61      0.76      0.68        54
          12       0.57      0.67      0.62         6
          13       0.71      0.71      0.71         7
          14       0.64      0.80      0.71        49
          15       0.00      0.00      0.00         1
          16       0.45      0.38      0.42        13
          17       0.64      0.56      0.60        25
          18       0.00      0.00      0.00         1
          19       0.00      0.00      0.00         6
          20       0.61      0.50      0.55        22
          21       0.58      0.83      0.68        18
          22       0.64      0.64      0.64        11
          23       0.64      0.82      0.72        17
          24       0.33      0.56      0.42         9
          25       0.57      0.73      0.64        37
          26       0.58      0.56      0.57        34
          27       1.00      0.67      0.80         9
          28       0.35      0.57      0.43        14
          29       0.60      0.75      0.67         4
          30       0.82      0.82      0.82        68
          31       0.60      0.75      0.67         8
          32       0.75      0.64      0.69        14
          33       0.00      0.00      0.00         2
          34       0.50      0.80      0.62         5
          35       0.40      0.67      0.50         3
          36       0.00      0.00      0.00         2
          37       1.00      0.50      0.67         2
          38       1.00      0.75      0.86         4
          39       0.73      0.53      0.62        15
          40       1.00      0.75      0.86         4
          41       1.00      0.20      0.33         5
          42       0.00      0.00      0.00         3
          43       0.78      1.00      0.88         7
          44       0.50      1.00      0.67         1
          45       0.60      0.55      0.57        11
          46       0.50      0.50      0.50         2
          47       0.83      0.42      0.56        12
          48       0.40      0.46      0.43        13
          49       0.92      0.79      0.85        14

   micro avg       0.61      0.64      0.62       754
   macro avg       0.57      0.56      0.54       754
weighted avg       0.62      0.64      0.62       754
 samples avg       0.13      0.13      0.13       754

> epoch: 25
              precision    recall  f1-score   support

           0       0.71      0.67      0.69        15
           1       0.22      0.25      0.24         8
           2       0.75      0.75      0.75         4
           3       0.60      0.86      0.71         7
           4       0.69      0.82      0.75        11
           5       0.72      0.52      0.60       117
           6       0.80      0.31      0.44        13
           7       0.33      0.33      0.33         9
           8       0.43      0.60      0.50        10
           9       1.00      0.86      0.92        14
          10       0.75      0.64      0.69        14
          11       0.59      0.78      0.67        54
          12       0.67      0.67      0.67         6
          13       0.33      0.71      0.45         7
          14       0.67      0.80      0.73        49
          15       0.00      0.00      0.00         1
          16       0.40      0.46      0.43        13
          17       0.64      0.56      0.60        25
          18       0.00      0.00      0.00         1
          19       0.00      0.00      0.00         6
          20       0.80      0.36      0.50        22
          21       0.61      0.78      0.68        18
          22       0.75      0.55      0.63        11
          23       0.68      0.76      0.72        17
          24       0.38      0.67      0.48         9
          25       0.55      0.70      0.62        37
          26       0.54      0.65      0.59        34
          27       1.00      0.56      0.71         9
          28       0.44      0.57      0.50        14
          29       0.44      1.00      0.62         4
          30       0.73      0.84      0.78        68
          31       0.60      0.75      0.67         8
          32       0.73      0.79      0.76        14
          33       0.00      0.00      0.00         2
          34       0.44      0.80      0.57         5
          35       0.40      0.67      0.50         3
          36       0.00      0.00      0.00         2
          37       0.00      0.00      0.00         2
          38       0.75      0.75      0.75         4
          39       0.67      0.67      0.67        15
          40       0.75      0.75      0.75         4
          41       1.00      0.60      0.75         5
          42       0.00      0.00      0.00         3
          43       0.70      1.00      0.82         7
          44       0.50      1.00      0.67         1
          45       0.60      0.55      0.57        11
          46       0.50      0.50      0.50         2
          47       0.75      0.25      0.38        12
          48       0.30      0.46      0.36        13
          49       0.92      0.79      0.85        14

   micro avg       0.62      0.64      0.63       754
   macro avg       0.54      0.57      0.53       754
weighted avg       0.64      0.64      0.62       754
 samples avg       0.14      0.13      0.13       754

> epoch: 26
              precision    recall  f1-score   support

           0       0.65      0.73      0.69        15
           1       0.20      0.12      0.15         8
           2       0.60      0.75      0.67         4
           3       0.71      0.71      0.71         7
           4       0.64      0.82      0.72        11
           5       0.71      0.53      0.61       117
           6       0.80      0.31      0.44        13
           7       0.25      0.22      0.24         9
           8       0.32      0.60      0.41        10
           9       1.00      0.93      0.96        14
          10       0.73      0.57      0.64        14
          11       0.73      0.65      0.69        54
          12       0.57      0.67      0.62         6
          13       0.80      0.57      0.67         7
          14       0.54      0.80      0.64        49
          15       0.00      0.00      0.00         1
          16       0.46      0.46      0.46        13
          17       0.64      0.64      0.64        25
          18       0.00      0.00      0.00         1
          19       0.00      0.00      0.00         6
          20       0.73      0.36      0.48        22
          21       0.65      0.61      0.63        18
          22       0.75      0.55      0.63        11
          23       0.72      0.76      0.74        17
          24       0.35      0.67      0.46         9
          25       0.52      0.65      0.58        37
          26       0.68      0.56      0.61        34
          27       1.00      0.67      0.80         9
          28       0.36      0.57      0.44        14
          29       0.38      0.75      0.50         4
          30       0.76      0.87      0.81        68
          31       0.86      0.75      0.80         8
          32       0.75      0.64      0.69        14
          33       0.00      0.00      0.00         2
          34       0.33      0.80      0.47         5
          35       0.50      0.67      0.57         3
          36       0.00      0.00      0.00         2
          37       0.00      0.00      0.00         2
          38       1.00      0.50      0.67         4
          39       0.79      0.73      0.76        15
          40       1.00      0.75      0.86         4
          41       1.00      0.60      0.75         5
          42       0.00      0.00      0.00         3
          43       0.78      1.00      0.88         7
          44       1.00      1.00      1.00         1
          45       0.70      0.64      0.67        11
          46       0.50      0.50      0.50         2
          47       1.00      0.42      0.59        12
          48       0.47      0.54      0.50        13
          49       0.92      0.79      0.85        14

   micro avg       0.64      0.62      0.63       754
   macro avg       0.58      0.55      0.54       754
weighted avg       0.66      0.62      0.63       754
 samples avg       0.13      0.13      0.13       754

> epoch: 27
              precision    recall  f1-score   support

           0       0.62      0.67      0.65        15
           1       0.40      0.25      0.31         8
           2       0.50      0.75      0.60         4
           3       0.45      0.71      0.56         7
           4       0.53      0.91      0.67        11
           5       0.59      0.61      0.60       117
           6       0.80      0.31      0.44        13
           7       0.17      0.22      0.19         9
           8       0.50      0.50      0.50        10
           9       1.00      0.93      0.96        14
          10       0.73      0.57      0.64        14
          11       0.68      0.74      0.71        54
          12       0.57      0.67      0.62         6
          13       0.45      0.71      0.56         7
          14       0.64      0.78      0.70        49
          15       0.00      0.00      0.00         1
          16       0.50      0.62      0.55        13
          17       0.58      0.56      0.57        25
          18       0.00      0.00      0.00         1
          19       0.00      0.00      0.00         6
          20       0.71      0.55      0.62        22
          21       0.67      0.67      0.67        18
          22       0.78      0.64      0.70        11
          23       0.50      0.82      0.62        17
          24       0.29      0.67      0.40         9
          25       0.52      0.68      0.59        37
          26       0.59      0.56      0.58        34
          27       0.86      0.67      0.75         9
          28       0.39      0.64      0.49        14
          29       0.43      0.75      0.55         4
          30       0.75      0.78      0.76        68
          31       0.67      0.75      0.71         8
          32       0.69      0.64      0.67        14
          33       0.00      0.00      0.00         2
          34       0.40      0.80      0.53         5
          35       0.40      0.67      0.50         3
          36       0.00      0.00      0.00         2
          37       1.00      0.50      0.67         2
          38       0.67      1.00      0.80         4
          39       0.75      0.60      0.67        15
          40       1.00      0.75      0.86         4
          41       1.00      0.20      0.33         5
          42       0.00      0.00      0.00         3
          43       0.64      1.00      0.78         7
          44       1.00      1.00      1.00         1
          45       0.57      0.73      0.64        11
          46       0.50      0.50      0.50         2
          47       1.00      0.42      0.59        12
          48       0.62      0.77      0.69        13
          49       0.91      0.71      0.80        14

   micro avg       0.61      0.65      0.63       754
   macro avg       0.56      0.58      0.55       754
weighted avg       0.62      0.65      0.62       754
 samples avg       0.14      0.13      0.13       754

> epoch: 28
              precision    recall  f1-score   support

           0       0.71      0.80      0.75        15
           1       0.11      0.25      0.15         8
           2       0.50      0.75      0.60         4
           3       0.50      0.86      0.63         7
           4       0.73      0.73      0.73        11
           5       0.59      0.63      0.61       117
           6       0.83      0.38      0.53        13
           7       0.18      0.33      0.23         9
           8       0.41      0.90      0.56        10
           9       1.00      0.93      0.96        14
          10       0.56      0.64      0.60        14
          11       0.59      0.81      0.68        54
          12       0.50      0.67      0.57         6
          13       0.36      0.71      0.48         7
          14       0.58      0.78      0.66        49
          15       0.00      0.00      0.00         1
          16       0.30      0.69      0.42        13
          17       0.58      0.60      0.59        25
          18       0.00      0.00      0.00         1
          19       0.00      0.00      0.00         6
          20       0.61      0.50      0.55        22
          21       0.52      0.78      0.62        18
          22       0.67      0.73      0.70        11
          23       0.52      0.76      0.62        17
          24       0.29      0.67      0.40         9
          25       0.51      0.73      0.60        37
          26       0.55      0.65      0.59        34
          27       1.00      0.78      0.88         9
          28       0.53      0.64      0.58        14
          29       0.44      1.00      0.62         4
          30       0.77      0.87      0.81        68
          31       0.55      0.75      0.63         8
          32       0.67      0.71      0.69        14
          33       0.00      0.00      0.00         2
          34       0.44      0.80      0.57         5
          35       0.29      0.67      0.40         3
          36       0.00      0.00      0.00         2
          37       1.00      1.00      1.00         2
          38       1.00      1.00      1.00         4
          39       0.62      0.67      0.65        15
          40       0.75      0.75      0.75         4
          41       1.00      0.60      0.75         5
          42       0.00      0.00      0.00         3
          43       0.54      1.00      0.70         7
          44       0.50      1.00      0.67         1
          45       0.48      0.91      0.62        11
          46       0.33      0.50      0.40         2
          47       0.75      0.50      0.60        12
          48       0.43      0.69      0.53        13
          49       0.85      0.79      0.81        14

   micro avg       0.56      0.70      0.62       754
   macro avg       0.51      0.64      0.55       754
weighted avg       0.59      0.70      0.63       754
 samples avg       0.15      0.15      0.14       754

> epoch: 29
              precision    recall  f1-score   support

           0       0.65      0.73      0.69        15
           1       0.22      0.25      0.24         8
           2       0.50      0.75      0.60         4
           3       0.40      0.57      0.47         7
           4       0.73      0.73      0.73        11
           5       0.57      0.61      0.59       117
           6       0.88      0.54      0.67        13
           7       0.29      0.22      0.25         9
           8       0.62      0.80      0.70        10
           9       1.00      0.86      0.92        14
          10       0.62      0.57      0.59        14
          11       0.64      0.76      0.69        54
          12       0.56      0.83      0.67         6
          13       0.33      0.57      0.42         7
          14       0.77      0.73      0.75        49
          15       0.00      0.00      0.00         1
          16       0.36      0.31      0.33        13
          17       0.63      0.48      0.55        25
          18       0.00      0.00      0.00         1
          19       0.00      0.00      0.00         6
          20       0.67      0.45      0.54        22
          21       0.78      0.78      0.78        18
          22       0.70      0.64      0.67        11
          23       0.65      0.76      0.70        17
          24       0.44      0.78      0.56         9
          25       0.58      0.70      0.63        37
          26       0.68      0.56      0.61        34
          27       1.00      0.56      0.71         9
          28       0.44      0.50      0.47        14
          29       0.50      1.00      0.67         4
          30       0.73      0.82      0.77        68
          31       0.86      0.75      0.80         8
          32       0.75      0.64      0.69        14
          33       0.00      0.00      0.00         2
          34       0.44      0.80      0.57         5
          35       0.33      0.67      0.44         3
          36       0.00      0.00      0.00         2
          37       0.67      1.00      0.80         2
          38       1.00      0.75      0.86         4
          39       0.73      0.53      0.62        15
          40       1.00      0.75      0.86         4
          41       1.00      0.20      0.33         5
          42       0.00      0.00      0.00         3
          43       0.78      1.00      0.88         7
          44       0.50      1.00      0.67         1
          45       0.53      0.91      0.67        11
          46       0.00      0.00      0.00         2
          47       0.70      0.58      0.64        12
          48       0.47      0.54      0.50        13
          49       0.92      0.79      0.85        14

   micro avg       0.63      0.65      0.64       754
   macro avg       0.55      0.58      0.54       754
weighted avg       0.64      0.65      0.63       754
 samples avg       0.13      0.13      0.13       754

