> epoch: 0
              precision    recall  f1-score   support

           0       0.00      0.00      0.00        15
           1       0.00      0.00      0.00         8
           2       0.00      0.00      0.00         4
           3       0.00      0.00      0.00         7
           4       0.00      0.00      0.00        11
           5       0.00      0.00      0.00       117
           6       0.00      0.00      0.00        13
           7       0.00      0.00      0.00         9
           8       0.00      0.00      0.00        10
           9       0.00      0.00      0.00        14
          10       0.00      0.00      0.00        14
          11       0.00      0.00      0.00        54
          12       0.00      0.00      0.00         6
          13       0.00      0.00      0.00         7
          14       0.00      0.00      0.00        49
          15       0.00      0.00      0.00         1
          16       0.00      0.00      0.00        13
          17       0.00      0.00      0.00        25
          18       0.00      0.00      0.00         1
          19       0.00      0.00      0.00         6
          20       0.00      0.00      0.00        22
          21       0.00      0.00      0.00        18
          22       0.00      0.00      0.00        11
          23       0.00      0.00      0.00        17
          24       0.00      0.00      0.00         9
          25       0.00      0.00      0.00        37
          26       0.00      0.00      0.00        34
          27       0.00      0.00      0.00         9
          28       0.00      0.00      0.00        14
          29       0.00      0.00      0.00         4
          30       0.00      0.00      0.00        68
          31       0.00      0.00      0.00         8
          32       0.00      0.00      0.00        14
          33       0.00      0.00      0.00         2
          34       0.00      0.00      0.00         5
          35       0.00      0.00      0.00         3
          36       0.00      0.00      0.00         2
          37       0.00      0.00      0.00         2
          38       0.00      0.00      0.00         4
          39       0.00      0.00      0.00        15
          40       0.00      0.00      0.00         4
          41       0.00      0.00      0.00         5
          42       0.00      0.00      0.00         3
          43       0.00      0.00      0.00         7
          44       0.00      0.00      0.00         1
          45       0.00      0.00      0.00        11
          46       0.00      0.00      0.00         2
          47       0.00      0.00      0.00        12
          48       0.00      0.00      0.00        13
          49       0.00      0.00      0.00        14

   micro avg       0.00      0.00      0.00       754
   macro avg       0.00      0.00      0.00       754
weighted avg       0.00      0.00      0.00       754
 samples avg       0.00      0.00      0.00       754

> epoch: 1
              precision    recall  f1-score   support

           0       0.00      0.00      0.00        15
           1       0.00      0.00      0.00         8
           2       0.00      0.00      0.00         4
           3       0.00      0.00      0.00         7
           4       0.00      0.00      0.00        11
           5       0.48      0.11      0.18       117
           6       0.00      0.00      0.00        13
           7       0.00      0.00      0.00         9
           8       0.00      0.00      0.00        10
           9       0.00      0.00      0.00        14
          10       0.00      0.00      0.00        14
          11       0.87      0.24      0.38        54
          12       0.00      0.00      0.00         6
          13       0.00      0.00      0.00         7
          14       0.73      0.55      0.63        49
          15       0.00      0.00      0.00         1
          16       0.20      0.08      0.11        13
          17       0.00      0.00      0.00        25
          18       0.00      0.00      0.00         1
          19       0.00      0.00      0.00         6
          20       0.00      0.00      0.00        22
          21       1.00      0.11      0.20        18
          22       1.00      0.18      0.31        11
          23       0.00      0.00      0.00        17
          24       0.00      0.00      0.00         9
          25       0.00      0.00      0.00        37
          26       0.50      0.03      0.06        34
          27       0.00      0.00      0.00         9
          28       0.00      0.00      0.00        14
          29       0.00      0.00      0.00         4
          30       0.80      0.06      0.11        68
          31       0.00      0.00      0.00         8
          32       1.00      0.07      0.13        14
          33       0.00      0.00      0.00         2
          34       0.00      0.00      0.00         5
          35       0.00      0.00      0.00         3
          36       0.00      0.00      0.00         2
          37       0.00      0.00      0.00         2
          38       0.00      0.00      0.00         4
          39       0.00      0.00      0.00        15
          40       0.00      0.00      0.00         4
          41       0.00      0.00      0.00         5
          42       0.00      0.00      0.00         3
          43       0.00      0.00      0.00         7
          44       0.00      0.00      0.00         1
          45       0.36      0.36      0.36        11
          46       0.00      0.00      0.00         2
          47       0.00      0.00      0.00        12
          48       0.00      0.00      0.00        13
          49       0.00      0.00      0.00        14

   micro avg       0.63      0.09      0.16       754
   macro avg       0.14      0.04      0.05       754
weighted avg       0.34      0.09      0.13       754
 samples avg       0.02      0.02      0.02       754

> epoch: 2
              precision    recall  f1-score   support

           0       0.64      0.47      0.54        15
           1       0.00      0.00      0.00         8
           2       0.00      0.00      0.00         4
           3       0.12      0.14      0.13         7
           4       0.50      0.09      0.15        11
           5       0.56      0.30      0.39       117
           6       0.75      0.23      0.35        13
           7       0.23      0.33      0.27         9
           8       0.20      0.20      0.20        10
           9       1.00      0.93      0.96        14
          10       0.35      0.50      0.41        14
          11       0.70      0.61      0.65        54
          12       1.00      0.33      0.50         6
          13       1.00      0.29      0.44         7
          14       0.64      0.55      0.59        49
          15       0.00      0.00      0.00         1
          16       0.29      0.31      0.30        13
          17       0.50      0.28      0.36        25
          18       0.00      0.00      0.00         1
          19       0.00      0.00      0.00         6
          20       1.00      0.09      0.17        22
          21       0.56      0.28      0.37        18
          22       0.86      0.55      0.67        11
          23       0.71      0.59      0.65        17
          24       0.67      0.44      0.53         9
          25       0.65      0.35      0.46        37
          26       0.76      0.47      0.58        34
          27       0.00      0.00      0.00         9
          28       0.71      0.36      0.48        14
          29       0.50      0.75      0.60         4
          30       0.78      0.59      0.67        68
          31       1.00      0.38      0.55         8
          32       0.71      0.36      0.48        14
          33       0.00      0.00      0.00         2
          34       0.60      0.60      0.60         5
          35       0.00      0.00      0.00         3
          36       0.00      0.00      0.00         2
          37       0.00      0.00      0.00         2
          38       0.50      0.25      0.33         4
          39       0.78      0.47      0.58        15
          40       0.00      0.00      0.00         4
          41       0.00      0.00      0.00         5
          42       0.00      0.00      0.00         3
          43       0.57      0.57      0.57         7
          44       0.00      0.00      0.00         1
          45       0.80      0.36      0.50        11
          46       0.00      0.00      0.00         2
          47       0.00      0.00      0.00        12
          48       0.50      0.15      0.24        13
          49       0.90      0.64      0.75        14

   micro avg       0.63      0.38      0.48       754
   macro avg       0.44      0.28      0.32       754
weighted avg       0.60      0.38      0.45       754
 samples avg       0.09      0.08      0.09       754

> epoch: 3
              precision    recall  f1-score   support

           0       0.53      0.53      0.53        15
           1       0.13      0.25      0.17         8
           2       0.25      0.25      0.25         4
           3       0.00      0.00      0.00         7
           4       0.64      0.64      0.64        11
           5       0.55      0.43      0.48       117
           6       0.67      0.31      0.42        13
           7       0.29      0.56      0.38         9
           8       0.50      0.40      0.44        10
           9       1.00      0.79      0.88        14
          10       0.47      0.64      0.55        14
          11       0.67      0.72      0.70        54
          12       0.67      0.67      0.67         6
          13       0.43      0.43      0.43         7
          14       0.68      0.61      0.65        49
          15       0.00      0.00      0.00         1
          16       0.31      0.31      0.31        13
          17       0.50      0.48      0.49        25
          18       0.00      0.00      0.00         1
          19       0.00      0.00      0.00         6
          20       0.46      0.27      0.34        22
          21       0.47      0.44      0.46        18
          22       0.37      0.64      0.47        11
          23       0.69      0.65      0.67        17
          24       0.30      0.33      0.32         9
          25       0.60      0.68      0.63        37
          26       0.65      0.50      0.57        34
          27       0.75      0.67      0.71         9
          28       0.64      0.50      0.56        14
          29       0.38      0.75      0.50         4
          30       0.75      0.72      0.74        68
          31       0.83      0.62      0.71         8
          32       0.46      0.79      0.58        14
          33       0.00      0.00      0.00         2
          34       0.36      0.80      0.50         5
          35       1.00      0.33      0.50         3
          36       0.00      0.00      0.00         2
          37       0.00      0.00      0.00         2
          38       0.60      0.75      0.67         4
          39       0.64      0.47      0.54        15
          40       1.00      0.50      0.67         4
          41       0.00      0.00      0.00         5
          42       0.00      0.00      0.00         3
          43       0.46      0.86      0.60         7
          44       1.00      1.00      1.00         1
          45       0.23      0.55      0.32        11
          46       0.00      0.00      0.00         2
          47       0.00      0.00      0.00        12
          48       0.25      0.38      0.30        13
          49       0.79      0.79      0.79        14

   micro avg       0.55      0.53      0.54       754
   macro avg       0.44      0.44      0.42       754
weighted avg       0.55      0.53      0.53       754
 samples avg       0.13      0.12      0.12       754

> epoch: 4
              precision    recall  f1-score   support

           0       0.65      0.73      0.69        15
           1       0.11      0.25      0.15         8
           2       0.75      0.75      0.75         4
           3       0.00      0.00      0.00         7
           4       0.62      0.73      0.67        11
           5       0.49      0.41      0.45       117
           6       0.62      0.77      0.69        13
           7       0.33      0.56      0.42         9
           8       0.29      0.40      0.33        10
           9       1.00      0.79      0.88        14
          10       0.44      0.57      0.50        14
          11       0.63      0.74      0.68        54
          12       0.57      0.67      0.62         6
          13       0.50      0.29      0.36         7
          14       0.76      0.65      0.70        49
          15       0.00      0.00      0.00         1
          16       0.27      0.31      0.29        13
          17       0.52      0.44      0.48        25
          18       0.00      0.00      0.00         1
          19       0.00      0.00      0.00         6
          20       0.50      0.45      0.48        22
          21       0.75      0.33      0.46        18
          22       0.58      0.64      0.61        11
          23       0.62      0.76      0.68        17
          24       0.38      0.56      0.45         9
          25       0.63      0.73      0.68        37
          26       0.64      0.53      0.58        34
          27       0.86      0.67      0.75         9
          28       0.57      0.57      0.57        14
          29       0.38      0.75      0.50         4
          30       0.75      0.72      0.74        68
          31       0.62      0.62      0.62         8
          32       0.44      0.79      0.56        14
          33       0.00      0.00      0.00         2
          34       0.50      0.80      0.62         5
          35       0.33      0.33      0.33         3
          36       0.00      0.00      0.00         2
          37       0.00      0.00      0.00         2
          38       0.75      0.75      0.75         4
          39       0.75      0.60      0.67        15
          40       1.00      0.50      0.67         4
          41       0.00      0.00      0.00         5
          42       0.00      0.00      0.00         3
          43       0.55      0.86      0.67         7
          44       0.50      1.00      0.67         1
          45       0.39      0.82      0.53        11
          46       0.00      0.00      0.00         2
          47       0.00      0.00      0.00        12
          48       0.44      0.31      0.36        13
          49       0.83      0.71      0.77        14

   micro avg       0.56      0.56      0.56       754
   macro avg       0.45      0.48      0.45       754
weighted avg       0.56      0.56      0.55       754
 samples avg       0.13      0.12      0.12       754

> epoch: 5
              precision    recall  f1-score   support

           0       0.55      0.73      0.63        15
           1       0.11      0.25      0.15         8
           2       0.33      0.25      0.29         4
           3       0.20      0.43      0.27         7
           4       0.58      0.64      0.61        11
           5       0.56      0.50      0.53       117
           6       0.75      0.69      0.72        13
           7       0.24      0.67      0.35         9
           8       0.35      0.60      0.44        10
           9       0.85      0.79      0.81        14
          10       0.41      0.50      0.45        14
          11       0.58      0.72      0.64        54
          12       0.67      0.67      0.67         6
          13       0.42      0.71      0.53         7
          14       0.65      0.63      0.64        49
          15       0.00      0.00      0.00         1
          16       0.33      0.38      0.36        13
          17       0.43      0.52      0.47        25
          18       0.00      0.00      0.00         1
          19       0.00      0.00      0.00         6
          20       0.41      0.64      0.50        22
          21       0.43      0.56      0.49        18
          22       0.32      0.73      0.44        11
          23       0.67      0.82      0.74        17
          24       0.55      0.67      0.60         9
          25       0.54      0.73      0.62        37
          26       0.61      0.41      0.49        34
          27       0.75      0.67      0.71         9
          28       0.43      0.64      0.51        14
          29       0.57      1.00      0.73         4
          30       0.81      0.63      0.71        68
          31       0.50      0.62      0.56         8
          32       0.67      0.57      0.62        14
          33       0.00      0.00      0.00         2
          34       0.40      0.80      0.53         5
          35       0.33      0.33      0.33         3
          36       0.00      0.00      0.00         2
          37       0.00      0.00      0.00         2
          38       0.80      1.00      0.89         4
          39       0.71      0.67      0.69        15
          40       1.00      0.25      0.40         4
          41       0.40      0.40      0.40         5
          42       0.00      0.00      0.00         3
          43       0.43      0.86      0.57         7
          44       1.00      1.00      1.00         1
          45       0.32      0.55      0.40        11
          46       0.00      0.00      0.00         2
          47       0.56      0.42      0.48        12
          48       0.36      0.38      0.37        13
          49       0.67      0.71      0.69        14

   micro avg       0.52      0.59      0.55       754
   macro avg       0.44      0.51      0.46       754
weighted avg       0.55      0.59      0.55       754
 samples avg       0.14      0.13      0.13       754

> epoch: 6
              precision    recall  f1-score   support

           0       0.58      0.73      0.65        15
           1       0.17      0.38      0.23         8
           2       0.75      0.75      0.75         4
           3       0.23      0.43      0.30         7
           4       0.64      0.82      0.72        11
           5       0.57      0.39      0.46       117
           6       0.75      0.46      0.57        13
           7       0.36      0.56      0.43         9
           8       0.38      0.50      0.43        10
           9       0.92      0.79      0.85        14
          10       0.47      0.57      0.52        14
          11       0.61      0.80      0.69        54
          12       0.80      0.67      0.73         6
          13       0.23      0.43      0.30         7
          14       0.71      0.61      0.66        49
          15       0.00      0.00      0.00         1
          16       0.36      0.31      0.33        13
          17       0.48      0.44      0.46        25
          18       0.00      0.00      0.00         1
          19       0.00      0.00      0.00         6
          20       0.47      0.32      0.38        22
          21       0.45      0.50      0.47        18
          22       0.53      0.82      0.64        11
          23       0.68      0.88      0.77        17
          24       0.40      0.67      0.50         9
          25       0.62      0.70      0.66        37
          26       0.62      0.62      0.62        34
          27       0.86      0.67      0.75         9
          28       0.47      0.57      0.52        14
          29       0.50      0.75      0.60         4
          30       0.79      0.78      0.79        68
          31       0.29      0.75      0.41         8
          32       0.53      0.71      0.61        14
          33       0.00      0.00      0.00         2
          34       0.40      0.80      0.53         5
          35       0.25      0.33      0.29         3
          36       0.50      0.50      0.50         2
          37       0.00      0.00      0.00         2
          38       0.75      0.75      0.75         4
          39       0.59      0.67      0.62        15
          40       0.67      0.50      0.57         4
          41       0.29      0.40      0.33         5
          42       0.00      0.00      0.00         3
          43       0.67      0.86      0.75         7
          44       1.00      1.00      1.00         1
          45       0.50      0.64      0.56        11
          46       0.17      0.50      0.25         2
          47       1.00      0.25      0.40        12
          48       0.38      0.38      0.38        13
          49       0.83      0.71      0.77        14

   micro avg       0.55      0.58      0.57       754
   macro avg       0.48      0.53      0.49       754
weighted avg       0.58      0.58      0.57       754
 samples avg       0.13      0.12      0.13       754

> epoch: 7
              precision    recall  f1-score   support

           0       0.55      0.73      0.63        15
           1       0.08      0.12      0.10         8
           2       0.50      0.50      0.50         4
           3       0.42      0.71      0.53         7
           4       0.64      0.82      0.72        11
           5       0.62      0.40      0.49       117
           6       0.78      0.54      0.64        13
           7       0.22      0.22      0.22         9
           8       0.33      0.30      0.32        10
           9       0.92      0.79      0.85        14
          10       0.46      0.43      0.44        14
          11       0.68      0.76      0.72        54
          12       1.00      0.67      0.80         6
          13       0.33      0.29      0.31         7
          14       0.65      0.67      0.66        49
          15       0.00      0.00      0.00         1
          16       0.36      0.31      0.33        13
          17       0.55      0.48      0.51        25
          18       0.00      0.00      0.00         1
          19       0.33      0.17      0.22         6
          20       0.47      0.41      0.44        22
          21       0.43      0.67      0.52        18
          22       0.67      0.73      0.70        11
          23       0.61      0.82      0.70        17
          24       0.40      0.67      0.50         9
          25       0.61      0.68      0.64        37
          26       0.72      0.53      0.61        34
          27       0.75      0.67      0.71         9
          28       0.29      0.50      0.37        14
          29       0.33      0.75      0.46         4
          30       0.82      0.75      0.78        68
          31       0.62      0.62      0.62         8
          32       0.53      0.71      0.61        14
          33       0.00      0.00      0.00         2
          34       0.50      0.80      0.62         5
          35       0.50      0.33      0.40         3
          36       0.33      0.50      0.40         2
          37       0.33      0.50      0.40         2
          38       0.60      0.75      0.67         4
          39       0.56      0.60      0.58        15
          40       0.50      0.50      0.50         4
          41       0.25      0.20      0.22         5
          42       0.00      0.00      0.00         3
          43       0.67      0.86      0.75         7
          44       1.00      1.00      1.00         1
          45       0.47      0.73      0.57        11
          46       0.00      0.00      0.00         2
          47       0.80      0.33      0.47        12
          48       0.50      0.31      0.38        13
          49       0.85      0.79      0.81        14

   micro avg       0.58      0.57      0.57       754
   macro avg       0.49      0.51      0.49       754
weighted avg       0.60      0.57      0.57       754
 samples avg       0.13      0.12      0.12       754

> epoch: 8
              precision    recall  f1-score   support

           0       0.50      0.67      0.57        15
           1       0.08      0.12      0.10         8
           2       0.67      0.50      0.57         4
           3       0.30      0.86      0.44         7
           4       0.57      0.73      0.64        11
           5       0.60      0.44      0.50       117
           6       0.67      0.62      0.64        13
           7       0.22      0.56      0.31         9
           8       0.40      0.40      0.40        10
           9       0.59      0.93      0.72        14
          10       0.50      0.71      0.59        14
          11       0.69      0.80      0.74        54
          12       0.60      0.50      0.55         6
          13       0.25      0.43      0.32         7
          14       0.64      0.61      0.62        49
          15       0.00      0.00      0.00         1
          16       0.60      0.46      0.52        13
          17       0.52      0.48      0.50        25
          18       0.00      0.00      0.00         1
          19       0.00      0.00      0.00         6
          20       0.36      0.23      0.28        22
          21       0.39      0.72      0.51        18
          22       0.47      0.73      0.57        11
          23       0.54      0.82      0.65        17
          24       0.43      0.67      0.52         9
          25       0.55      0.59      0.57        37
          26       0.75      0.44      0.56        34
          27       0.75      0.67      0.71         9
          28       0.46      0.43      0.44        14
          29       0.38      0.75      0.50         4
          30       0.81      0.71      0.76        68
          31       0.27      0.88      0.41         8
          32       0.48      0.86      0.62        14
          33       0.00      0.00      0.00         2
          34       0.40      0.80      0.53         5
          35       0.14      0.33      0.20         3
          36       0.33      0.50      0.40         2
          37       0.00      0.00      0.00         2
          38       0.75      0.75      0.75         4
          39       0.53      0.53      0.53        15
          40       0.67      0.50      0.57         4
          41       0.67      0.40      0.50         5
          42       0.00      0.00      0.00         3
          43       0.40      0.86      0.55         7
          44       0.12      1.00      0.22         1
          45       0.35      1.00      0.52        11
          46       0.25      1.00      0.40         2
          47       0.67      0.50      0.57        12
          48       0.36      0.38      0.37        13
          49       0.83      0.71      0.77        14

   micro avg       0.52      0.59      0.55       754
   macro avg       0.43      0.55      0.45       754
weighted avg       0.56      0.59      0.55       754
 samples avg       0.13      0.13      0.13       754

> epoch: 9
              precision    recall  f1-score   support

           0       0.58      0.73      0.65        15
           1       0.12      0.25      0.16         8
           2       0.25      0.50      0.33         4
           3       0.36      0.71      0.48         7
           4       0.53      0.73      0.62        11
           5       0.51      0.40      0.45       117
           6       0.55      0.46      0.50        13
           7       0.25      0.44      0.32         9
           8       0.17      0.40      0.24        10
           9       1.00      0.79      0.88        14
          10       0.47      0.64      0.55        14
          11       0.65      0.76      0.70        54
          12       0.83      0.83      0.83         6
          13       0.24      0.57      0.33         7
          14       0.62      0.69      0.65        49
          15       0.00      0.00      0.00         1
          16       0.39      0.54      0.45        13
          17       0.57      0.68      0.62        25
          18       0.00      0.00      0.00         1
          19       0.50      0.33      0.40         6
          20       0.44      0.50      0.47        22
          21       0.45      0.50      0.47        18
          22       0.56      0.82      0.67        11
          23       0.54      0.76      0.63        17
          24       0.41      0.78      0.54         9
          25       0.57      0.73      0.64        37
          26       0.67      0.53      0.59        34
          27       0.86      0.67      0.75         9
          28       0.32      0.43      0.36        14
          29       0.30      0.75      0.43         4
          30       0.73      0.71      0.72        68
          31       0.41      0.88      0.56         8
          32       0.50      0.79      0.61        14
          33       0.00      0.00      0.00         2
          34       0.40      0.80      0.53         5
          35       0.12      0.33      0.18         3
          36       0.50      0.50      0.50         2
          37       0.50      0.50      0.50         2
          38       0.50      0.75      0.60         4
          39       0.47      0.60      0.53        15
          40       0.50      0.75      0.60         4
          41       0.29      0.40      0.33         5
          42       0.00      0.00      0.00         3
          43       0.62      0.71      0.67         7
          44       0.33      1.00      0.50         1
          45       0.40      0.36      0.38        11
          46       0.00      0.00      0.00         2
          47       0.67      0.50      0.57        12
          48       0.27      0.31      0.29        13
          49       0.73      0.79      0.76        14

   micro avg       0.51      0.60      0.55       754
   macro avg       0.43      0.55      0.47       754
weighted avg       0.54      0.60      0.56       754
 samples avg       0.13      0.13      0.13       754

> epoch: 10
              precision    recall  f1-score   support

           0       0.59      0.67      0.62        15
           1       0.08      0.25      0.12         8
           2       0.00      0.00      0.00         4
           3       0.40      0.57      0.47         7
           4       0.64      0.82      0.72        11
           5       0.51      0.48      0.49       117
           6       0.54      0.54      0.54        13
           7       0.26      0.56      0.36         9
           8       0.50      0.30      0.38        10
           9       0.85      0.79      0.81        14
          10       0.45      0.64      0.53        14
          11       0.61      0.76      0.68        54
          12       0.67      0.67      0.67         6
          13       0.40      0.57      0.47         7
          14       0.66      0.78      0.71        49
          15       0.00      0.00      0.00         1
          16       0.43      0.46      0.44        13
          17       0.38      0.80      0.51        25
          18       0.00      0.00      0.00         1
          19       0.00      0.00      0.00         6
          20       0.39      0.32      0.35        22
          21       0.46      0.72      0.57        18
          22       0.53      0.82      0.64        11
          23       0.65      0.76      0.70        17
          24       0.36      0.56      0.43         9
          25       0.60      0.70      0.65        37
          26       0.74      0.59      0.66        34
          27       0.86      0.67      0.75         9
          28       0.41      0.50      0.45        14
          29       0.33      0.75      0.46         4
          30       0.70      0.76      0.73        68
          31       0.64      0.88      0.74         8
          32       0.31      0.79      0.45        14
          33       0.00      0.00      0.00         2
          34       0.44      0.80      0.57         5
          35       0.12      0.33      0.18         3
          36       0.33      0.50      0.40         2
          37       0.25      0.50      0.33         2
          38       0.75      0.75      0.75         4
          39       0.53      0.60      0.56        15
          40       0.67      0.50      0.57         4
          41       0.67      0.40      0.50         5
          42       0.00      0.00      0.00         3
          43       0.67      0.86      0.75         7
          44       0.50      1.00      0.67         1
          45       0.26      1.00      0.42        11
          46       0.11      0.50      0.18         2
          47       0.71      0.42      0.53        12
          48       0.40      0.46      0.43        13
          49       0.79      0.79      0.79        14

   micro avg       0.51      0.63      0.56       754
   macro avg       0.44      0.56      0.47       754
weighted avg       0.54      0.63      0.57       754
 samples avg       0.14      0.13      0.13       754

> epoch: 11
              precision    recall  f1-score   support

           0       0.65      0.73      0.69        15
           1       0.06      0.12      0.08         8
           2       0.33      0.50      0.40         4
           3       0.43      0.86      0.57         7
           4       0.56      0.82      0.67        11
           5       0.57      0.50      0.53       117
           6       0.67      0.62      0.64        13
           7       0.26      0.56      0.36         9
           8       0.15      0.20      0.17        10
           9       0.85      0.79      0.81        14
          10       0.50      0.64      0.56        14
          11       0.65      0.81      0.72        54
          12       0.71      0.83      0.77         6
          13       0.33      0.43      0.38         7
          14       0.62      0.63      0.63        49
          15       0.00      0.00      0.00         1
          16       0.42      0.38      0.40        13
          17       0.52      0.48      0.50        25
          18       0.00      0.00      0.00         1
          19       0.33      0.17      0.22         6
          20       0.44      0.36      0.40        22
          21       0.56      0.56      0.56        18
          22       0.47      0.82      0.60        11
          23       0.52      0.76      0.62        17
          24       0.50      0.78      0.61         9
          25       0.53      0.65      0.59        37
          26       0.58      0.62      0.60        34
          27       0.75      0.67      0.71         9
          28       0.36      0.57      0.44        14
          29       0.38      0.75      0.50         4
          30       0.69      0.78      0.73        68
          31       0.44      0.88      0.58         8
          32       0.50      0.79      0.61        14
          33       0.00      0.00      0.00         2
          34       0.29      0.80      0.42         5
          35       0.25      0.33      0.29         3
          36       0.33      0.50      0.40         2
          37       0.50      0.50      0.50         2
          38       1.00      0.75      0.86         4
          39       0.50      0.73      0.59        15
          40       0.50      0.75      0.60         4
          41       0.50      0.80      0.62         5
          42       0.33      0.33      0.33         3
          43       0.67      0.86      0.75         7
          44       0.50      1.00      0.67         1
          45       0.30      0.91      0.45        11
          46       0.20      0.50      0.29         2
          47       0.67      0.50      0.57        12
          48       0.56      0.38      0.45        13
          49       0.65      0.79      0.71        14

   micro avg       0.52      0.63      0.57       754
   macro avg       0.46      0.59      0.50       754
weighted avg       0.55      0.63      0.57       754
 samples avg       0.14      0.13      0.13       754

> epoch: 12
              precision    recall  f1-score   support

           0       0.48      0.67      0.56        15
           1       0.05      0.12      0.07         8
           2       0.00      0.00      0.00         4
           3       0.38      0.71      0.50         7
           4       0.54      0.64      0.58        11
           5       0.45      0.51      0.48       117
           6       0.67      0.46      0.55        13
           7       0.33      0.44      0.38         9
           8       0.33      0.50      0.40        10
           9       0.92      0.86      0.89        14
          10       0.50      0.43      0.46        14
          11       0.70      0.74      0.72        54
          12       0.71      0.83      0.77         6
          13       0.50      0.57      0.53         7
          14       0.58      0.57      0.58        49
          15       0.00      0.00      0.00         1
          16       0.25      0.23      0.24        13
          17       0.39      0.36      0.38        25
          18       0.00      0.00      0.00         1
          19       0.33      0.17      0.22         6
          20       0.64      0.41      0.50        22
          21       0.48      0.67      0.56        18
          22       0.58      0.64      0.61        11
          23       0.65      0.76      0.70        17
          24       0.50      0.56      0.53         9
          25       0.62      0.68      0.65        37
          26       0.86      0.56      0.68        34
          27       0.86      0.67      0.75         9
          28       0.30      0.57      0.39        14
          29       0.38      0.75      0.50         4
          30       0.72      0.79      0.76        68
          31       0.70      0.88      0.78         8
          32       0.62      0.71      0.67        14
          33       0.00      0.00      0.00         2
          34       0.57      0.80      0.67         5
          35       0.50      0.33      0.40         3
          36       0.50      0.50      0.50         2
          37       0.33      0.50      0.40         2
          38       0.60      0.75      0.67         4
          39       0.50      0.60      0.55        15
          40       0.67      0.50      0.57         4
          41       1.00      0.40      0.57         5
          42       0.00      0.00      0.00         3
          43       0.56      0.71      0.62         7
          44       0.25      1.00      0.40         1
          45       0.39      0.64      0.48        11
          46       0.00      0.00      0.00         2
          47       1.00      0.33      0.50        12
          48       0.45      0.38      0.42        13
          49       0.83      0.71      0.77        14

   micro avg       0.54      0.58      0.56       754
   macro avg       0.48      0.51      0.48       754
weighted avg       0.57      0.58      0.56       754
 samples avg       0.13      0.12      0.13       754

> epoch: 13
              precision    recall  f1-score   support

           0       0.50      0.73      0.59        15
           1       0.05      0.12      0.07         8
           2       0.50      0.75      0.60         4
           3       0.50      1.00      0.67         7
           4       0.53      0.82      0.64        11
           5       0.59      0.35      0.44       117
           6       0.59      0.77      0.67        13
           7       0.22      0.56      0.31         9
           8       0.21      0.60      0.32        10
           9       0.75      0.86      0.80        14
          10       0.50      0.64      0.56        14
          11       0.62      0.81      0.70        54
          12       0.80      0.67      0.73         6
          13       0.20      0.29      0.24         7
          14       0.56      0.82      0.67        49
          15       0.00      0.00      0.00         1
          16       0.39      0.54      0.45        13
          17       0.56      0.56      0.56        25
          18       0.00      0.00      0.00         1
          19       0.40      0.33      0.36         6
          20       0.45      0.45      0.45        22
          21       0.61      0.78      0.68        18
          22       0.57      0.73      0.64        11
          23       0.72      0.76      0.74        17
          24       0.35      0.78      0.48         9
          25       0.55      0.70      0.62        37
          26       0.48      0.59      0.53        34
          27       0.86      0.67      0.75         9
          28       0.44      0.50      0.47        14
          29       0.38      0.75      0.50         4
          30       0.72      0.78      0.75        68
          31       0.58      0.88      0.70         8
          32       0.62      0.71      0.67        14
          33       0.00      0.00      0.00         2
          34       0.44      0.80      0.57         5
          35       0.20      0.33      0.25         3
          36       0.33      0.50      0.40         2
          37       0.50      0.50      0.50         2
          38       0.75      0.75      0.75         4
          39       0.53      0.60      0.56        15
          40       0.60      0.75      0.67         4
          41       0.67      0.40      0.50         5
          42       0.00      0.00      0.00         3
          43       0.50      0.71      0.59         7
          44       0.50      1.00      0.67         1
          45       0.47      0.82      0.60        11
          46       0.00      0.00      0.00         2
          47       0.50      0.33      0.40        12
          48       0.50      0.38      0.43        13
          49       0.79      0.79      0.79        14

   micro avg       0.53      0.62      0.57       754
   macro avg       0.46      0.58      0.50       754
weighted avg       0.55      0.62      0.57       754
 samples avg       0.14      0.13      0.13       754

> epoch: 14
              precision    recall  f1-score   support

           0       0.64      0.60      0.62        15
           1       0.10      0.12      0.11         8
           2       0.29      0.50      0.36         4
           3       0.38      0.71      0.50         7
           4       0.56      0.82      0.67        11
           5       0.47      0.44      0.45       117
           6       0.69      0.69      0.69        13
           7       0.29      0.44      0.35         9
           8       0.30      0.60      0.40        10
           9       0.73      0.79      0.76        14
          10       0.53      0.64      0.58        14
          11       0.61      0.81      0.70        54
          12       0.80      0.67      0.73         6
          13       0.38      0.71      0.50         7
          14       0.57      0.73      0.64        49
          15       0.00      0.00      0.00         1
          16       0.50      0.31      0.38        13
          17       0.47      0.64      0.54        25
          18       0.00      0.00      0.00         1
          19       0.25      0.17      0.20         6
          20       0.45      0.41      0.43        22
          21       0.38      0.61      0.47        18
          22       0.57      0.73      0.64        11
          23       0.60      0.71      0.65        17
          24       0.29      0.44      0.35         9
          25       0.57      0.70      0.63        37
          26       0.76      0.47      0.58        34
          27       0.86      0.67      0.75         9
          28       0.38      0.57      0.46        14
          29       0.33      0.75      0.46         4
          30       0.63      0.76      0.69        68
          31       0.55      0.75      0.63         8
          32       0.59      0.71      0.65        14
          33       0.00      0.00      0.00         2
          34       0.36      0.80      0.50         5
          35       0.17      0.33      0.22         3
          36       0.33      0.50      0.40         2
          37       0.20      0.50      0.29         2
          38       0.50      0.75      0.60         4
          39       0.56      0.60      0.58        15
          40       0.50      0.50      0.50         4
          41       0.67      0.40      0.50         5
          42       0.00      0.00      0.00         3
          43       0.62      0.71      0.67         7
          44       0.50      1.00      0.67         1
          45       0.37      0.91      0.53        11
          46       0.12      0.50      0.20         2
          47       0.64      0.58      0.61        12
          48       1.00      0.08      0.14        13
          49       0.77      0.71      0.74        14

   micro avg       0.51      0.60      0.55       754
   macro avg       0.46      0.55      0.47       754
weighted avg       0.54      0.60      0.55       754
 samples avg       0.13      0.13      0.13       754

> epoch: 15
              precision    recall  f1-score   support

           0       0.58      0.47      0.52        15
           1       0.12      0.25      0.17         8
           2       0.40      0.50      0.44         4
           3       0.23      0.43      0.30         7
           4       0.64      0.64      0.64        11
           5       0.62      0.36      0.45       117
           6       0.78      0.54      0.64        13
           7       0.25      0.33      0.29         9
           8       0.30      0.30      0.30        10
           9       0.69      0.79      0.73        14
          10       0.44      0.57      0.50        14
          11       0.60      0.76      0.67        54
          12       0.80      0.67      0.73         6
          13       0.50      0.43      0.46         7
          14       0.63      0.69      0.66        49
          15       0.00      0.00      0.00         1
          16       0.60      0.46      0.52        13
          17       0.50      0.28      0.36        25
          18       0.00      0.00      0.00         1
          19       0.00      0.00      0.00         6
          20       0.50      0.45      0.48        22
          21       0.65      0.61      0.63        18
          22       0.64      0.82      0.72        11
          23       0.60      0.71      0.65        17
          24       0.50      0.44      0.47         9
          25       0.55      0.70      0.62        37
          26       0.75      0.44      0.56        34
          27       0.75      0.67      0.71         9
          28       0.40      0.43      0.41        14
          29       0.30      0.75      0.43         4
          30       0.79      0.76      0.78        68
          31       0.64      0.88      0.74         8
          32       0.44      0.86      0.59        14
          33       0.00      0.00      0.00         2
          34       0.36      0.80      0.50         5
          35       0.17      0.33      0.22         3
          36       0.33      0.50      0.40         2
          37       0.25      0.50      0.33         2
          38       0.50      0.50      0.50         4
          39       0.50      0.67      0.57        15
          40       0.50      0.50      0.50         4
          41       0.67      0.40      0.50         5
          42       0.00      0.00      0.00         3
          43       0.55      0.86      0.67         7
          44       0.50      1.00      0.67         1
          45       0.38      0.73      0.50        11
          46       0.20      0.50      0.29         2
          47       0.67      0.33      0.44        12
          48       0.45      0.38      0.42        13
          49       0.69      0.79      0.73        14

   micro avg       0.55      0.56      0.56       754
   macro avg       0.46      0.52      0.47       754
weighted avg       0.58      0.56      0.55       754
 samples avg       0.13      0.12      0.12       754

> epoch: 16
              precision    recall  f1-score   support

           0       0.55      0.73      0.63        15
           1       0.17      0.25      0.20         8
           2       0.38      0.75      0.50         4
           3       0.26      0.86      0.40         7
           4       0.50      0.73      0.59        11
           5       0.63      0.46      0.53       117
           6       0.57      0.62      0.59        13
           7       0.38      0.56      0.45         9
           8       0.17      0.40      0.24        10
           9       0.75      0.86      0.80        14
          10       0.50      0.79      0.61        14
          11       0.69      0.67      0.68        54
          12       1.00      0.83      0.91         6
          13       0.31      0.57      0.40         7
          14       0.59      0.67      0.63        49
          15       0.00      0.00      0.00         1
          16       0.38      0.38      0.38        13
          17       0.55      0.64      0.59        25
          18       0.00      0.00      0.00         1
          19       0.33      0.17      0.22         6
          20       0.38      0.50      0.43        22
          21       0.45      0.56      0.50        18
          22       0.44      0.73      0.55        11
          23       0.52      0.76      0.62        17
          24       0.33      0.56      0.42         9
          25       0.47      0.70      0.57        37
          26       0.71      0.59      0.65        34
          27       0.75      0.67      0.71         9
          28       0.38      0.57      0.46        14
          29       0.33      0.75      0.46         4
          30       0.66      0.79      0.72        68
          31       0.30      0.88      0.45         8
          32       0.53      0.64      0.58        14
          33       0.00      0.00      0.00         2
          34       0.44      0.80      0.57         5
          35       0.17      0.33      0.22         3
          36       0.50      1.00      0.67         2
          37       0.50      0.50      0.50         2
          38       0.80      1.00      0.89         4
          39       0.45      0.60      0.51        15
          40       0.40      0.50      0.44         4
          41       0.60      0.60      0.60         5
          42       0.00      0.00      0.00         3
          43       0.71      0.71      0.71         7
          44       1.00      1.00      1.00         1
          45       0.44      0.73      0.55        11
          46       0.20      0.50      0.29         2
          47       0.64      0.58      0.61        12
          48       0.36      0.38      0.37        13
          49       0.77      0.71      0.74        14

   micro avg       0.51      0.62      0.56       754
   macro avg       0.46      0.59      0.50       754
weighted avg       0.55      0.62      0.57       754
 samples avg       0.14      0.13      0.13       754

> epoch: 17
              precision    recall  f1-score   support

           0       0.45      0.67      0.54        15
           1       0.20      0.25      0.22         8
           2       0.22      0.50      0.31         4
           3       0.22      0.71      0.33         7
           4       0.50      0.55      0.52        11
           5       0.58      0.40      0.47       117
           6       0.62      0.62      0.62        13
           7       0.29      0.44      0.35         9
           8       0.21      0.30      0.25        10
           9       1.00      0.71      0.83        14
          10       0.50      0.64      0.56        14
          11       0.57      0.85      0.68        54
          12       0.67      0.67      0.67         6
          13       0.57      0.57      0.57         7
          14       0.57      0.63      0.60        49
          15       0.17      1.00      0.29         1
          16       0.38      0.23      0.29        13
          17       0.79      0.60      0.68        25
          18       0.00      0.00      0.00         1
          19       0.33      0.17      0.22         6
          20       0.53      0.36      0.43        22
          21       0.50      0.61      0.55        18
          22       0.50      0.73      0.59        11
          23       0.68      0.76      0.72        17
          24       0.39      0.78      0.52         9
          25       0.52      0.65      0.58        37
          26       0.72      0.62      0.67        34
          27       0.88      0.78      0.82         9
          28       0.54      0.50      0.52        14
          29       0.33      0.75      0.46         4
          30       0.65      0.81      0.72        68
          31       0.86      0.75      0.80         8
          32       0.55      0.86      0.67        14
          33       0.00      0.00      0.00         2
          34       0.36      0.80      0.50         5
          35       0.25      0.33      0.29         3
          36       0.33      0.50      0.40         2
          37       0.17      0.50      0.25         2
          38       0.75      0.75      0.75         4
          39       0.30      0.40      0.34        15
          40       0.60      0.75      0.67         4
          41       0.75      0.60      0.67         5
          42       0.00      0.00      0.00         3
          43       0.50      0.71      0.59         7
          44       0.50      1.00      0.67         1
          45       0.33      0.45      0.38        11
          46       0.00      0.00      0.00         2
          47       1.00      0.50      0.67        12
          48       0.25      0.15      0.19        13
          49       0.73      0.79      0.76        14

   micro avg       0.53      0.59      0.56       754
   macro avg       0.47      0.55      0.48       754
weighted avg       0.56      0.59      0.56       754
 samples avg       0.13      0.13      0.13       754

> epoch: 18
              precision    recall  f1-score   support

           0       0.50      0.73      0.59        15
           1       0.13      0.25      0.17         8
           2       0.50      0.50      0.50         4
           3       0.31      0.57      0.40         7
           4       0.67      0.73      0.70        11
           5       0.55      0.44      0.49       117
           6       0.69      0.69      0.69        13
           7       0.22      0.44      0.30         9
           8       0.25      0.30      0.27        10
           9       0.80      0.86      0.83        14
          10       0.50      0.71      0.59        14
          11       0.66      0.81      0.73        54
          12       0.62      0.83      0.71         6
          13       0.71      0.71      0.71         7
          14       0.72      0.67      0.69        49
          15       0.00      0.00      0.00         1
          16       0.33      0.38      0.36        13
          17       0.60      0.60      0.60        25
          18       0.00      0.00      0.00         1
          19       0.25      0.17      0.20         6
          20       0.55      0.50      0.52        22
          21       0.50      0.61      0.55        18
          22       0.43      0.82      0.56        11
          23       0.54      0.76      0.63        17
          24       0.40      0.89      0.55         9
          25       0.65      0.54      0.59        37
          26       0.72      0.53      0.61        34
          27       0.78      0.78      0.78         9
          28       0.50      0.50      0.50        14
          29       0.38      0.75      0.50         4
          30       0.78      0.78      0.78        68
          31       0.54      0.88      0.67         8
          32       0.62      0.71      0.67        14
          33       0.00      0.00      0.00         2
          34       0.40      0.80      0.53         5
          35       0.25      0.33      0.29         3
          36       0.33      0.50      0.40         2
          37       0.50      0.50      0.50         2
          38       0.50      0.75      0.60         4
          39       0.59      0.67      0.62        15
          40       0.60      0.75      0.67         4
          41       0.75      0.60      0.67         5
          42       0.00      0.00      0.00         3
          43       0.56      0.71      0.62         7
          44       1.00      1.00      1.00         1
          45       0.38      0.91      0.54        11
          46       0.00      0.00      0.00         2
          47       0.71      0.42      0.53        12
          48       0.31      0.38      0.34        13
          49       0.79      0.79      0.79        14

   micro avg       0.56      0.62      0.59       754
   macro avg       0.48      0.57      0.51       754
weighted avg       0.58      0.62      0.59       754
 samples avg       0.14      0.13      0.13       754

> epoch: 19
              precision    recall  f1-score   support

           0       0.53      0.67      0.59        15
           1       0.14      0.25      0.18         8
           2       0.27      0.75      0.40         4
           3       0.28      0.71      0.40         7
           4       0.53      0.73      0.62        11
           5       0.53      0.37      0.43       117
           6       0.62      0.77      0.69        13
           7       0.33      0.56      0.42         9
           8       0.20      0.30      0.24        10
           9       0.85      0.79      0.81        14
          10       0.56      0.71      0.62        14
          11       0.67      0.78      0.72        54
          12       0.60      0.50      0.55         6
          13       0.23      0.71      0.34         7
          14       0.59      0.73      0.65        49
          15       0.00      0.00      0.00         1
          16       0.33      0.31      0.32        13
          17       0.52      0.56      0.54        25
          18       0.00      0.00      0.00         1
          19       0.33      0.17      0.22         6
          20       0.46      0.27      0.34        22
          21       0.41      0.72      0.52        18
          22       0.45      0.91      0.61        11
          23       0.62      0.76      0.68        17
          24       0.33      0.78      0.47         9
          25       0.59      0.70      0.64        37
          26       0.79      0.44      0.57        34
          27       0.75      0.67      0.71         9
          28       0.29      0.50      0.37        14
          29       0.33      0.75      0.46         4
          30       0.69      0.79      0.74        68
          31       0.70      0.88      0.78         8
          32       0.61      0.79      0.69        14
          33       0.00      0.00      0.00         2
          34       0.50      0.80      0.62         5
          35       0.20      0.33      0.25         3
          36       0.33      0.50      0.40         2
          37       0.00      0.00      0.00         2
          38       0.38      0.75      0.50         4
          39       0.40      0.67      0.50        15
          40       0.60      0.75      0.67         4
          41       0.38      0.60      0.46         5
          42       0.50      0.33      0.40         3
          43       0.55      0.86      0.67         7
          44       0.50      1.00      0.67         1
          45       0.41      0.82      0.55        11
          46       0.00      0.00      0.00         2
          47       0.75      0.50      0.60        12
          48       0.45      0.38      0.42        13
          49       0.55      0.79      0.65        14

   micro avg       0.51      0.61      0.55       754
   macro avg       0.43      0.57      0.47       754
weighted avg       0.54      0.61      0.55       754
 samples avg       0.13      0.13      0.13       754

